1.000000000000000000e+00 5.150000000000000000e+01 5.000000000000000000e+00
2.000000000000000000e+00 5.450000000000000000e+01 5.000000000000000000e+00
3.000000000000000000e+00 5.750000000000000000e+01 1.000000000000000000e+00
4.000000000000000000e+00 6.050000000000000000e+01 7.000000000000000000e+00
5.000000000000000000e+00 6.350000000000000000e+01 2.000000000000000000e+00
6.000000000000000000e+00 6.650000000000000000e+01 2.000000000000000000e+00
7.000000000000000000e+00 6.950000000000000000e+01 5.000000000000000000e+00
8.000000000000000000e+00 7.250000000000000000e+01 2.000000000000000000e+00
9.000000000000000000e+00 7.550000000000000000e+01 4.000000000000000000e+00
1.000000000000000000e+01 7.850000000000000000e+01 6.000000000000000000e+00
1.100000000000000000e+01 8.150000000000000000e+01 1.300000000000000000e+01
1.200000000000000000e+01 8.450000000000000000e+01 2.800000000000000000e+01
1.300000000000000000e+01 8.750000000000000000e+01 6.400000000000000000e+01
1.400000000000000000e+01 9.050000000000000000e+01 1.570000000000000000e+02
1.500000000000000000e+01 9.350000000000000000e+01 8.200000000000000000e+01
1.600000000000000000e+01 9.650000000000000000e+01 3.200000000000000000e+01
1.700000000000000000e+01 9.950000000000000000e+01 1.100000000000000000e+01
1.800000000000000000e+01 1.025000000000000000e+02 1.000000000000000000e+01
1.900000000000000000e+01 1.055000000000000000e+02 3.000000000000000000e+00
2.000000000000000000e+01 1.085000000000000000e+02 7.000000000000000000e+00
2.100000000000000000e+01 1.115000000000000000e+02 8.000000000000000000e+00
2.200000000000000000e+01 1.145000000000000000e+02 1.100000000000000000e+01
2.300000000000000000e+01 1.175000000000000000e+02 6.000000000000000000e+00
2.400000000000000000e+01 1.205000000000000000e+02 1.000000000000000000e+01
2.500000000000000000e+01 1.235000000000000000e+02 8.000000000000000000e+00
2.600000000000000000e+01 1.265000000000000000e+02 1.100000000000000000e+01
2.700000000000000000e+01 1.295000000000000000e+02 4.000000000000000000e+00
2.800000000000000000e+01 1.325000000000000000e+02 1.000000000000000000e+00
2.900000000000000000e+01 1.355000000000000000e+02 1.000000000000000000e+00
3.000000000000000000e+01 1.385000000000000000e+02 5.000000000000000000e+00
3.100000000000000000e+01 1.415000000000000000e+02 7.000000000000000000e+00
3.200000000000000000e+01 1.445000000000000000e+02 1.100000000000000000e+01
3.300000000000000000e+01 1.475000000000000000e+02 5.000000000000000000e+00
3.400000000000000000e+01 1.505000000000000000e+02 4.000000000000000000e+00
3.500000000000000000e+01 1.535000000000000000e+02 3.000000000000000000e+00
3.600000000000000000e+01 1.565000000000000000e+02 5.000000000000000000e+00
3.700000000000000000e+01 1.595000000000000000e+02 3.000000000000000000e+00
3.800000000000000000e+01 1.625000000000000000e+02 6.000000000000000000e+00
3.900000000000000000e+01 1.655000000000000000e+02 5.000000000000000000e+00
4.000000000000000000e+01 1.685000000000000000e+02 1.000000000000000000e+00
4.100000000000000000e+01 1.715000000000000000e+02 3.000000000000000000e+00
4.200000000000000000e+01 1.745000000000000000e+02 3.000000000000000000e+00
4.300000000000000000e+01 1.775000000000000000e+02 2.000000000000000000e+00
4.400000000000000000e+01 1.805000000000000000e+02 5.000000000000000000e+00
4.500000000000000000e+01 1.835000000000000000e+02 7.000000000000000000e+00
4.600000000000000000e+01 1.865000000000000000e+02 1.000000000000000000e+01
4.700000000000000000e+01 1.895000000000000000e+02 9.000000000000000000e+00
4.800000000000000000e+01 1.925000000000000000e+02 8.000000000000000000e+00
4.900000000000000000e+01 1.955000000000000000e+02 5.000000000000000000e+00
5.000000000000000000e+01 1.985000000000000000e+02 9.000000000000000000e+00
