1 100.5 5756.0
2 101.5 5415.0
3 102.5 5132.0
4 103.5 4899.0
5 104.5 4664.0
6 105.5 4396.0
7 106.5 4186.0
8 107.5 4103.0
9 108.5 3763.0
10 109.5 3470.0
11 110.5 3471.0
12 111.5 3312.0
13 112.5 3217.0
14 113.5 2863.0
15 114.5 2772.0
16 115.5 2712.0
17 116.5 2485.0
18 117.5 2344.0
19 118.5 2272.0
20 119.5 2183.0
21 120.5 2103.0
22 121.5 2028.0
23 122.5 1836.0
24 123.5 1846.0
25 124.5 1766.0
26 125.5 1795.0
27 126.5 1597.0
28 127.5 1539.0
29 128.5 1453.0
30 129.5 1417.0
31 130.5 1335.0
32 131.5 1310.0
33 132.5 1248.0
34 133.5 1191.0
35 134.5 1156.0
36 135.5 1082.0
37 136.5 1050.0
38 137.5 1054.0
39 138.5 1035.0
40 139.5 956.0
41 140.5 974.0
42 141.5 863.0
43 142.5 866.0
44 143.5 807.0
45 144.5 818.0
46 145.5 744.0
47 146.5 738.0
48 147.5 700.0
49 148.5 665.0
50 149.5 628.0
51 150.5 638.0
52 151.5 625.0
53 152.5 602.0
54 153.5 570.0
55 154.5 608.0
56 155.5 526.0
57 156.5 544.0
58 157.5 482.0
59 158.5 483.0
60 159.5 461.0
61 160.5 427.0
62 161.5 429.0
63 162.5 391.0
64 163.5 465.0
65 164.5 361.0
66 165.5 389.0
67 166.5 377.0
68 167.5 357.0
69 168.5 360.0
70 169.5 357.0
71 170.5 336.0
72 171.5 353.0
73 172.5 278.0
74 173.5 317.0
75 174.5 275.0
76 175.5 291.0
77 176.5 273.0
78 177.5 265.0
79 178.5 265.0
80 179.5 261.0
