1 100.5 0.0
2 101.5 0.0
3 102.5 0.0
4 103.5 0.0
5 104.5 0.0
6 105.5 0.0
7 106.5 0.0
8 107.5 0.0
9 108.5 0.0
10 109.5 0.0
11 110.5 0.0
12 111.5 0.0
13 112.5 0.0
14 113.5 0.0
15 114.5 0.0
16 115.5 0.0
17 116.5 0.0
18 117.5 0.0
19 118.5 0.0
20 119.5 0.0
21 120.5 0.0
22 121.5 0.0
23 122.5 0.0
24 123.5 0.0
25 124.5 0.0
26 125.5 0.0
27 126.5 0.0
28 127.5 0.0
29 128.5 0.0
30 129.5 0.0
31 130.5 0.0
32 131.5 0.0
33 132.5 0.0
34 133.5 0.0
35 134.5 0.0
36 135.5 0.0
37 136.5 0.0
38 137.5 0.0
39 138.5 0.0
40 139.5 0.0
41 140.5 0.0
42 141.5 0.0
43 142.5 0.0
44 143.5 0.0
45 144.5 0.0
46 145.5 0.0
47 146.5 0.0
48 147.5 0.0
49 148.5 0.0
50 149.5 0.0
51 150.5 0.0
52 151.5 0.0
53 152.5 0.0
54 153.5 0.0
55 154.5 0.0
56 155.5 0.0
57 156.5 0.0
58 157.5 0.0
59 158.5 0.0
60 159.5 0.0
61 160.5 0.0
62 161.5 0.0
63 162.5 0.0
64 163.5 0.0
65 164.5 0.0
66 165.5 0.0
67 166.5 0.0
68 167.5 0.0
69 168.5 0.0
70 169.5 0.0
71 170.5 0.0
72 171.5 0.0
73 172.5 0.0
74 173.5 0.0
75 174.5 0.0
76 175.5 0.0
77 176.5 0.0
78 177.5 0.0
79 178.5 0.0
80 179.5 0.0
