1 100.5 68.0
2 101.5 82.0
3 102.5 58.0
4 103.5 68.0
5 104.5 69.0
6 105.5 72.0
7 106.5 61.0
8 107.5 59.0
9 108.5 53.0
10 109.5 55.0
11 110.5 56.0
12 111.5 61.0
13 112.5 43.0
14 113.5 47.0
15 114.5 49.0
16 115.5 47.0
17 116.5 46.0
18 117.5 39.0
19 118.5 45.0
20 119.5 47.0
21 120.5 33.0
22 121.5 45.0
23 122.5 30.0
24 123.5 32.0
25 124.5 42.0
26 125.5 37.0
27 126.5 26.0
28 127.5 23.0
29 128.5 25.0
30 129.5 35.0
31 130.5 21.0
32 131.5 21.0
33 132.5 27.0
34 133.5 28.0
35 134.5 30.0
36 135.5 29.0
37 136.5 21.0
38 137.5 33.0
39 138.5 25.0
40 139.5 21.0
41 140.5 27.0
42 141.5 17.0
43 142.5 23.0
44 143.5 17.0
45 144.5 23.0
46 145.5 17.0
47 146.5 17.0
48 147.5 17.0
49 148.5 17.0
50 149.5 18.0
51 150.5 21.0
52 151.5 15.0
53 152.5 16.0
54 153.5 15.0
55 154.5 12.0
56 155.5 16.0
57 156.5 19.0
58 157.5 3.0
59 158.5 9.0
60 159.5 14.0
61 160.5 15.0
62 161.5 16.0
63 162.5 12.0
64 163.5 13.0
65 164.5 11.0
66 165.5 12.0
67 166.5 11.0
68 167.5 13.0
69 168.5 13.0
70 169.5 9.0
71 170.5 11.0
72 171.5 10.0
73 172.5 7.0
74 173.5 7.0
75 174.5 8.0
76 175.5 8.0
77 176.5 8.0
78 177.5 10.0
79 178.5 7.0
80 179.5 4.0
