1 100.5 270.0
2 101.5 251.0
3 102.5 208.0
4 103.5 187.0
5 104.5 181.0
6 105.5 193.0
7 106.5 186.0
8 107.5 155.0
9 108.5 186.0
10 109.5 168.0
11 110.5 141.0
12 111.5 157.0
13 112.5 124.0
14 113.5 151.0
15 114.5 122.0
16 115.5 107.0
17 116.5 123.0
18 117.5 114.0
19 118.5 118.0
20 119.5 116.0
21 120.5 109.0
22 121.5 83.0
23 122.5 103.0
24 123.5 103.0
25 124.5 85.0
26 125.5 87.0
27 126.5 80.0
28 127.5 77.0
29 128.5 68.0
30 129.5 84.0
31 130.5 57.0
32 131.5 76.0
33 132.5 69.0
34 133.5 70.0
35 134.5 70.0
36 135.5 61.0
37 136.5 57.0
38 137.5 59.0
39 138.5 64.0
40 139.5 62.0
41 140.5 59.0
42 141.5 48.0
43 142.5 42.0
44 143.5 45.0
45 144.5 39.0
46 145.5 38.0
47 146.5 40.0
48 147.5 37.0
49 148.5 34.0
50 149.5 48.0
51 150.5 43.0
52 151.5 41.0
53 152.5 29.0
54 153.5 27.0
55 154.5 32.0
56 155.5 32.0
57 156.5 25.0
58 157.5 42.0
59 158.5 32.0
60 159.5 31.0
61 160.5 23.0
62 161.5 26.0
63 162.5 23.0
64 163.5 26.0
65 164.5 27.0
66 165.5 25.0
67 166.5 16.0
68 167.5 20.0
69 168.5 22.0
70 169.5 14.0
71 170.5 27.0
72 171.5 27.0
73 172.5 22.0
74 173.5 18.0
75 174.5 21.0
76 175.5 11.0
77 176.5 13.0
78 177.5 18.0
79 178.5 15.0
80 179.5 17.0
