1 100.5 2170.0
2 101.5 2096.0
3 102.5 1960.0
4 103.5 1782.0
5 104.5 1812.0
6 105.5 1697.0
7 106.5 1590.0
8 107.5 1528.0
9 108.5 1439.0
10 109.5 1352.0
11 110.5 1319.0
12 111.5 1238.0
13 112.5 1219.0
14 113.5 1060.0
15 114.5 1091.0
16 115.5 1035.0
17 116.5 938.0
18 117.5 871.0
19 118.5 814.0
20 119.5 815.0
21 120.5 763.0
22 121.5 771.0
23 122.5 679.0
24 123.5 683.0
25 124.5 624.0
26 125.5 633.0
27 126.5 608.0
28 127.5 577.0
29 128.5 521.0
30 129.5 542.0
31 130.5 470.0
32 131.5 462.0
33 132.5 418.0
34 133.5 449.0
35 134.5 401.0
36 135.5 393.0
37 136.5 392.0
38 137.5 383.0
39 138.5 411.0
40 139.5 329.0
41 140.5 352.0
42 141.5 303.0
43 142.5 300.0
44 143.5 308.0
45 144.5 276.0
46 145.5 270.0
47 146.5 270.0
48 147.5 247.0
49 148.5 206.0
50 149.5 224.0
51 150.5 229.0
52 151.5 216.0
53 152.5 205.0
54 153.5 195.0
55 154.5 219.0
56 155.5 192.0
57 156.5 169.0
58 157.5 176.0
59 158.5 163.0
60 159.5 167.0
61 160.5 146.0
62 161.5 147.0
63 162.5 125.0
64 163.5 150.0
65 164.5 131.0
66 165.5 137.0
67 166.5 119.0
68 167.5 125.0
69 168.5 111.0
70 169.5 120.0
71 170.5 104.0
72 171.5 107.0
73 172.5 88.0
74 173.5 111.0
75 174.5 92.0
76 175.5 99.0
77 176.5 90.0
78 177.5 93.0
79 178.5 83.0
80 179.5 91.0
