1 100.5 50.0
2 101.5 52.0
3 102.5 35.0
4 103.5 27.0
5 104.5 42.0
6 105.5 44.0
7 106.5 38.0
8 107.5 36.0
9 108.5 26.0
10 109.5 30.0
11 110.5 44.0
12 111.5 20.0
13 112.5 28.0
14 113.5 34.0
15 114.5 31.0
16 115.5 24.0
17 116.5 28.0
18 117.5 34.0
19 118.5 25.0
20 119.5 23.0
21 120.5 25.0
22 121.5 20.0
23 122.5 29.0
24 123.5 25.0
25 124.5 27.0
26 125.5 19.0
27 126.5 14.0
28 127.5 18.0
29 128.5 20.0
30 129.5 18.0
31 130.5 18.0
32 131.5 13.0
33 132.5 22.0
34 133.5 22.0
35 134.5 21.0
36 135.5 9.0
37 136.5 9.0
38 137.5 16.0
39 138.5 12.0
40 139.5 20.0
41 140.5 16.0
42 141.5 17.0
43 142.5 13.0
44 143.5 10.0
45 144.5 13.0
46 145.5 14.0
47 146.5 15.0
48 147.5 8.0
49 148.5 9.0
50 149.5 10.0
51 150.5 11.0
52 151.5 12.0
53 152.5 7.0
54 153.5 13.0
55 154.5 12.0
56 155.5 6.0
57 156.5 14.0
58 157.5 11.0
59 158.5 16.0
60 159.5 5.0
61 160.5 10.0
62 161.5 10.0
63 162.5 7.0
64 163.5 9.0
65 164.5 6.0
66 165.5 8.0
67 166.5 9.0
68 167.5 7.0
69 168.5 8.0
70 169.5 5.0
71 170.5 5.0
72 171.5 17.0
73 172.5 8.0
74 173.5 11.0
75 174.5 7.0
76 175.5 3.0
77 176.5 8.0
78 177.5 5.0
79 178.5 6.0
80 179.5 5.0
