1 100.5 628.0
2 101.5 584.0
3 102.5 525.0
4 103.5 535.0
5 104.5 487.0
6 105.5 461.0
7 106.5 448.0
8 107.5 424.0
9 108.5 421.0
10 109.5 367.0
11 110.5 393.0
12 111.5 397.0
13 112.5 400.0
14 113.5 317.0
15 114.5 315.0
16 115.5 316.0
17 116.5 315.0
18 117.5 300.0
19 118.5 291.0
20 119.5 272.0
21 120.5 254.0
22 121.5 243.0
23 122.5 243.0
24 123.5 219.0
25 124.5 234.0
26 125.5 223.0
27 126.5 227.0
28 127.5 229.0
29 128.5 192.0
30 129.5 179.0
31 130.5 197.0
32 131.5 163.0
33 132.5 173.0
34 133.5 163.0
35 134.5 153.0
36 135.5 152.0
37 136.5 158.0
38 137.5 150.0
39 138.5 137.0
40 139.5 113.0
41 140.5 125.0
42 141.5 122.0
43 142.5 135.0
44 143.5 111.0
45 144.5 129.0
46 145.5 101.0
47 146.5 127.0
48 147.5 103.0
49 148.5 128.0
50 149.5 97.0
51 150.5 108.0
52 151.5 101.0
53 152.5 103.0
54 153.5 86.0
55 154.5 97.0
56 155.5 81.0
57 156.5 96.0
58 157.5 79.0
59 158.5 75.0
60 159.5 76.0
61 160.5 56.0
62 161.5 73.0
63 162.5 67.0
64 163.5 82.0
65 164.5 53.0
66 165.5 72.0
67 166.5 73.0
68 167.5 65.0
69 168.5 72.0
70 169.5 67.0
71 170.5 57.0
72 171.5 67.0
73 172.5 42.0
74 173.5 60.0
75 174.5 55.0
76 175.5 48.0
77 176.5 46.0
78 177.5 45.0
79 178.5 44.0
80 179.5 42.0
