1 100.5 247.0
2 101.5 196.0
3 102.5 195.0
4 103.5 177.0
5 104.5 173.0
6 105.5 153.0
7 106.5 166.0
8 107.5 154.0
9 108.5 158.0
10 109.5 148.0
11 110.5 116.0
12 111.5 125.0
13 112.5 108.0
14 113.5 114.0
15 114.5 117.0
16 115.5 102.0
17 116.5 101.0
18 117.5 83.0
19 118.5 94.0
20 119.5 86.0
21 120.5 85.0
22 121.5 94.0
23 122.5 71.0
24 123.5 79.0
25 124.5 69.0
26 125.5 71.0
27 126.5 76.0
28 127.5 47.0
29 128.5 68.0
30 129.5 50.0
31 130.5 61.0
32 131.5 45.0
33 132.5 54.0
34 133.5 62.0
35 134.5 54.0
36 135.5 46.0
37 136.5 52.0
38 137.5 40.0
39 138.5 51.0
40 139.5 49.0
41 140.5 43.0
42 141.5 29.0
43 142.5 37.0
44 143.5 38.0
45 144.5 41.0
46 145.5 27.0
47 146.5 18.0
48 147.5 29.0
49 148.5 33.0
50 149.5 29.0
51 150.5 23.0
52 151.5 32.0
53 152.5 23.0
54 153.5 30.0
55 154.5 30.0
56 155.5 24.0
57 156.5 22.0
58 157.5 23.0
59 158.5 25.0
60 159.5 23.0
61 160.5 22.0
62 161.5 23.0
63 162.5 22.0
64 163.5 24.0
65 164.5 19.0
66 165.5 19.0
67 166.5 15.0
68 167.5 21.0
69 168.5 7.0
70 169.5 22.0
71 170.5 16.0
72 171.5 9.0
73 172.5 9.0
74 173.5 14.0
75 174.5 14.0
76 175.5 14.0
77 176.5 9.0
78 177.5 10.0
79 178.5 10.0
80 179.5 11.0
