1 100.5 2414.0
2 101.5 2191.0
3 102.5 2122.0
4 103.5 2026.0
5 104.5 1868.0
6 105.5 1800.0
7 106.5 1696.0
8 107.5 1711.0
9 108.5 1534.0
10 109.5 1369.0
11 110.5 1391.0
12 111.5 1291.0
13 112.5 1232.0
14 113.5 1139.0
15 114.5 1061.0
16 115.5 1054.0
17 116.5 918.0
18 117.5 889.0
19 118.5 891.0
20 119.5 840.0
21 120.5 819.0
22 121.5 768.0
23 122.5 707.0
24 123.5 686.0
25 124.5 666.0
26 125.5 690.0
27 126.5 548.0
28 127.5 550.0
29 128.5 557.0
30 129.5 510.0
31 130.5 487.0
32 131.5 483.0
33 132.5 470.0
34 133.5 421.0
35 134.5 429.0
36 135.5 379.0
37 136.5 346.0
38 137.5 360.0
39 138.5 341.0
40 139.5 351.0
41 140.5 352.0
42 141.5 300.0
43 142.5 298.0
44 143.5 257.0
45 144.5 288.0
46 145.5 262.0
47 146.5 228.0
48 147.5 242.0
49 148.5 215.0
50 149.5 218.0
51 150.5 209.0
52 151.5 210.0
53 152.5 207.0
54 153.5 183.0
55 154.5 200.0
56 155.5 178.0
57 156.5 161.0
58 157.5 155.0
59 158.5 169.0
60 159.5 136.0
61 160.5 146.0
62 161.5 139.0
63 162.5 129.0
64 163.5 140.0
65 164.5 109.0
66 165.5 113.0
67 166.5 108.0
68 167.5 109.0
69 168.5 116.0
70 169.5 113.0
71 170.5 111.0
72 171.5 104.0
73 172.5 88.0
74 173.5 90.0
75 174.5 72.0
76 175.5 92.0
77 176.5 91.0
78 177.5 67.0
79 178.5 83.0
80 179.5 75.0
