1 100.5 635.0
2 101.5 581.0
3 102.5 496.0
4 103.5 459.0
5 104.5 465.0
6 105.5 462.0
7 106.5 451.0
8 107.5 404.0
9 108.5 423.0
10 109.5 401.0
11 110.5 357.0
12 111.5 363.0
13 112.5 303.0
14 113.5 346.0
15 114.5 319.0
16 115.5 280.0
17 116.5 298.0
18 117.5 270.0
19 118.5 282.0
20 119.5 272.0
21 120.5 252.0
22 121.5 242.0
23 122.5 233.0
24 123.5 239.0
25 124.5 223.0
26 125.5 214.0
27 126.5 196.0
28 127.5 165.0
29 128.5 181.0
30 129.5 187.0
31 130.5 157.0
32 131.5 155.0
33 132.5 172.0
34 133.5 182.0
35 134.5 175.0
36 135.5 145.0
37 136.5 139.0
38 137.5 148.0
39 138.5 152.0
40 139.5 152.0
41 140.5 145.0
42 141.5 111.0
43 142.5 115.0
44 143.5 110.0
45 144.5 116.0
46 145.5 96.0
47 146.5 90.0
48 147.5 91.0
49 148.5 93.0
50 149.5 105.0
51 150.5 98.0
52 151.5 100.0
53 152.5 75.0
54 153.5 85.0
55 154.5 86.0
56 155.5 78.0
57 156.5 80.0
58 157.5 79.0
59 158.5 82.0
60 159.5 73.0
61 160.5 70.0
62 161.5 75.0
63 162.5 64.0
64 163.5 72.0
65 164.5 63.0
66 165.5 64.0
67 166.5 51.0
68 167.5 61.0
69 168.5 50.0
70 169.5 50.0
71 170.5 59.0
72 171.5 63.0
73 172.5 46.0
74 173.5 50.0
75 174.5 50.0
76 175.5 36.0
77 176.5 38.0
78 177.5 43.0
79 178.5 38.0
80 179.5 37.0
