1.000000000000000000e+00 5.150000000000000000e+01 5.446198166300136867e-01
2.000000000000000000e+00 5.450000000000000000e+01 6.038887963794182800e-01
3.000000000000000000e+00 5.750000000000000000e+01 6.455758696836170207e-01
4.000000000000000000e+00 6.050000000000000000e+01 6.917866227940232537e-01
5.000000000000000000e+00 6.350000000000000000e+01 7.117011631812772965e-01
6.000000000000000000e+00 6.650000000000000000e+01 7.430763636471542366e-01
7.000000000000000000e+00 6.950000000000000000e+01 8.854456241051572585e-01
8.000000000000000000e+00 7.250000000000000000e+01 1.168606910888914108e+00
9.000000000000000000e+00 7.550000000000000000e+01 1.582014348773598922e+00
1.000000000000000000e+01 7.850000000000000000e+01 2.284274462628924418e+00
1.100000000000000000e+01 8.150000000000000000e+01 2.284274462628924418e+00
1.200000000000000000e+01 8.450000000000000000e+01 4.138883911395516257e+00
1.300000000000000000e+01 8.750000000000000000e+01 1.382820035613723419e+01
1.400000000000000000e+01 9.050000000000000000e+01 5.608173502790027953e+01
1.500000000000000000e+01 9.350000000000000000e+01 1.135535445716235614e+01
1.600000000000000000e+01 9.650000000000000000e+01 3.834066070806759541e+00
1.700000000000000000e+01 9.950000000000000000e+01 2.889793878328876797e+00
1.800000000000000000e+01 1.025000000000000000e+02 2.685114910657341980e+00
1.900000000000000000e+01 1.055000000000000000e+02 2.353467968946978850e+00
2.000000000000000000e+01 1.085000000000000000e+02 2.297944345407854083e+00
2.100000000000000000e+01 1.115000000000000000e+02 2.453341401497305618e+00
2.200000000000000000e+01 1.145000000000000000e+02 2.628203491018331839e+00
2.300000000000000000e+01 1.175000000000000000e+02 2.734749772330009598e+00
2.400000000000000000e+01 1.205000000000000000e+02 2.828843828108499103e+00
2.500000000000000000e+01 1.235000000000000000e+02 2.792199155553545253e+00
2.600000000000000000e+01 1.265000000000000000e+02 2.687492481322391047e+00
2.700000000000000000e+01 1.295000000000000000e+02 2.709955756471049693e+00
2.800000000000000000e+01 1.325000000000000000e+02 2.631960082394088296e+00
2.900000000000000000e+01 1.355000000000000000e+02 2.602956954565368797e+00
3.000000000000000000e+01 1.385000000000000000e+02 2.415978107806187936e+00
3.100000000000000000e+01 1.415000000000000000e+02 2.345282346214499380e+00
3.200000000000000000e+01 1.445000000000000000e+02 2.247088878714364579e+00
3.300000000000000000e+01 1.475000000000000000e+02 2.178516648877076189e+00
3.400000000000000000e+01 1.505000000000000000e+02 2.055085046993384346e+00
3.500000000000000000e+01 1.535000000000000000e+02 2.046405047305934755e+00
3.600000000000000000e+01 1.565000000000000000e+02 2.028929139567407613e+00
3.700000000000000000e+01 1.595000000000000000e+02 1.981988615194279157e+00
3.800000000000000000e+01 1.625000000000000000e+02 1.980707849616291094e+00
3.900000000000000000e+01 1.655000000000000000e+02 1.915045176521654291e+00
4.000000000000000000e+01 1.685000000000000000e+02 2.029035283128351352e+00
4.100000000000000000e+01 1.715000000000000000e+02 2.155884279204215659e+00
4.200000000000000000e+01 1.745000000000000000e+02 2.336727175454927696e+00
4.300000000000000000e+01 1.775000000000000000e+02 2.939217310090703528e+00
4.400000000000000000e+01 1.805000000000000000e+02 3.692988143783481281e+00
4.500000000000000000e+01 1.835000000000000000e+02 5.061463914687623245e+00
4.600000000000000000e+01 1.865000000000000000e+02 6.306341901000741323e+00
4.700000000000000000e+01 1.895000000000000000e+02 6.975386196190760835e+00
4.800000000000000000e+01 1.925000000000000000e+02 7.378585654681860895e+00
4.900000000000000000e+01 1.955000000000000000e+02 7.491236680948631488e+00
5.000000000000000000e+01 1.985000000000000000e+02 7.660643029294834427e+00
