-0.42061876355071626,0.42061876165240886
0.6894311809763125,-0.6894311748202143
0.5530594987983086,-0.5530594919022341
-0.8339068748661292,0.8339068741920438
-0.19026884307315395,0.1902688398698159
0.47753758594508916,-0.477537599897275
0.43496011787571986,-0.4349601336389838
2.230065548196753,-2.2300655436176235
-0.3454536514879645,0.345453649200062
-1.2514889592330773,1.2514889586010716
-1.1873718740824912,1.1873718785838285
0.41038927546519144,-0.41038929128750057
-0.5284418489301694,0.5284418547858215
0.3008451410129898,-0.30084514286447783
0.2427071834379298,-0.24270718609138076
-1.715413932296713,1.7154139338979366
1.5903323804459935,-1.5903323895812358
0.9705221434210118,-0.9705221442231691
0.6072783251452205,-0.6072783318340057
-0.6429487989956983,0.6429488072064379
-1.109439461490959,1.1094394563223293
-1.7177080436666408,1.7177080331831658
0.7673608866785732,-0.76736089270531
0.8736845579181117,-0.8736845543347814
0.13200346627634674,-0.13200346166978408
0.06288781760713316,-0.0628878229740552
-0.9316174485698245,0.9316174507423582
-1.4391217235295466,1.4391217103247504
-0.9212375869574979,0.9212375936585092
-0.9189074900164823,0.9189074887627097
-0.8865706401869097,0.8865706502519423
1.0181221557951727,-1.0181221495500392
-0.7226000067858432,0.7225999941177645
0.780877820486218,-0.7808778183898267
1.0573797624981776,-1.0573797751156062
0.4798009935995064,-0.4798009972087575
0.4935068924674372,-0.4935069007366517
1.080449040901552,-1.0804490322776337
0.6564881237659569,-0.6564881202750443
-1.0492720764784915,1.0492720827283435
-0.5989341017896782,0.5989340946394701
0.8829277832200232,-0.8829277792906546
-0.5237052176918285,0.5237052124000283
0.9180386308336254,-0.9180386177033414
-1.9826570927196974,1.9826570875645828
1.5250778321268508,-1.5250778107683838
1.4378970760571799,-1.4378970758636829
0.08921451071344866,-0.08921450534082621
-2.6396647100311235,2.639664713160738
-1.2531309810691829,1.2531309903608128
0.7035797426919884,-0.7035797389185756
0.949905274512055,-0.949905274985083
0.4590156408630656,-0.4590156297606462
1.6944036142852905,-1.6944036161356126
0.04895284502960652,-0.048952844036778034
-0.1733936907828081,0.17339368185206244
-0.2156384456880322,0.21563844934708332
-0.3560880397467077,0.35608804463912347
1.3605158408337372,-1.3605158518180194
-1.0829688912555968,1.0829688823779788
-0.14088130474661917,0.14088129965425472
-0.3116491911853069,0.31164918998294794
-0.36505533821801955,0.36505533569156134
-0.26160879545783805,0.2616088006027919
0.8719248026661117,-0.8719247966184489
1.2492746043840217,-1.2492745868487767
-1.846621387078225,1.8466213901825232
-1.0500939462623837,1.050093949082175
-2.395623148652347,2.3956231441725993
0.22262591384908093,-0.22262591193805975
0.9062468671122338,-0.906246882239618
0.08769104816291043,-0.08769105344253351
-0.7741743677277635,0.774174364260733
0.21815650956610985,-0.21815651903350478
-0.7431283342299184,0.7431283223032285
-0.8566054666841245,0.856605480558464
1.2096908332597118,-1.2096908258471952
-0.3573749578737593,0.3573749663076578
0.9865500160692793,-0.9865500234725082
0.7247312097415759,-0.7247312127473878
-0.6294890503381927,0.6294890682700588
0.7053534318170713,-0.705353424528045
-1.619414424340245,1.6194144256168368
-0.6707046901636747,0.6707046923973421
-2.4779292624110183,2.477929248014018
-0.09787273505349413,0.09787272991865158
0.3935106041095979,-0.3935105983169835
-1.3983811610725503,1.3983811643285193
1.7260831328281612,-1.7260831239510515
-0.11187575377713743,0.11187574573243969
0.41595128033386125,-0.4159512863858143
1.267072994641288,-1.2670729986874565
-0.5088274935295687,0.5088274902605913
1.4461050274348175,-1.446105016432425
0.8037704310719631,-0.8037704223882489
-0.8180191295255965,0.8180191461527417
-0.10328255916105429,0.10328255794461884
0.0629820448519475,-0.0629820553688945
-0.903729915604116,0.9037299062161014
-0.9507954514770875,0.9507954464424173
-0.44411456089031637,0.44411457259637305
-0.36252674416656117,0.362526734618897
0.4376120424141343,-0.437612048745726
-1.0018118706367674,1.0018118739333284
-1.137495081345445,1.1374950973783464
0.7018374829911189,-0.7018374894649423
2.427566061721695,-2.4275660721621315
0.3297737530174277,-0.3297737465596524
-0.11677385838884856,0.11677386342557643
-0.5736195169326557,0.5736195076540876
-0.9284687105579364,0.9284687052217261
-1.5879800802837385,1.5879800775950004
-0.4897442019221492,0.4897442126231746
0.021066377646157663,-0.02106638842615762
0.3236540160921735,-0.3236540150253276
0.3436160809630109,-0.3436160798020677
-0.572421719389433,0.5724217274173172
0.4223224850031169,-0.4223224968061334
-0.7959065810756617,0.7959065891748701
1.6381729752134297,-1.6381729882204408
0.9242158449953094,-0.9242158370559109
-2.175075477079952,2.175075488383477
1.1759610663838787,-1.1759610604862032
0.6922280278441976,-0.6922280454142185
1.5248042107272557,-1.5248041943528707
-0.7719468131907168,0.7719468233473417
0.7681336375745033,-0.7681336412232923
-0.4931022513910661,0.49310225891350656
-0.5160621136966477,0.5160621360728089
-0.38324133344749234,0.3832413155629605
-0.06162518955625933,0.06162518547171328
0.4988303028935936,-0.498830309478047
0.5393599519663094,-0.5393599518910295
1.68276185288136,-1.6827618514532063
1.1356631730795441,-1.1356631680867848
1.4693765999150996,-1.4693766012386384
-0.6109922328677235,0.6109922426731144
-0.2926272642770834,0.29262726652330245
0.38604643687097984,-0.3860464385184704
1.8109453644881401,-1.8109453642282396
1.0432386660383772,-1.0432386606904656
0.40049758845806,-0.4004975796635187
-0.35230448025201805,0.3523044749171731
-0.5934926941020308,0.5934926825485876
-1.7340077816021264,1.7340077726995766
0.8593073699771064,-0.8593073759250588
-0.6869925432304242,0.6869925438951915
0.16699698035503896,-0.16699698043624536
0.17373683971077175,-0.17373683366128054
-1.1067433199378314,1.1067433193654774
-0.8348234010823897,0.8348233994735436
-0.5903147722280352,0.5903147726948683
0.5651463019118594,-0.5651463102969837
0.20027951501997018,-0.20027949836117656
-0.9083555841558977,0.908355578242918
1.0619161738413525,-1.061916175321543
0.29165591706828525,-0.2916559080714983
0.023447645883209994,-0.023447653931636663
0.8104122521596719,-0.8104122539343634
-0.8727041881908636,0.8727041819471645
2.19512884697566,-2.19512884407122
0.9450262574947713,-0.9450262545509663
1.2732593899618514,-1.2732593810431272
-1.0454222443673293,1.0454222510924096
0.6508117338384076,-0.6508117389276288
-0.16112090117447309,0.16112089840351138
-0.3514576635968868,0.3514576607436198
1.0604670601694623,-1.0604670610919198
1.1109260926944695,-1.1109260864076138
-0.6243417285145595,0.6243417303287431
-1.2562034439973204,1.2562034337890517
2.609601943127022,-2.6096019388659544
-0.7693310000072412,0.7693309944611929
0.19623785446608719,-0.19623785602135
-1.61437472609826,1.6143747191012237
1.0022024939258356,-1.0022024965548204
0.8131021408461184,-0.813102132191586
-1.13400888272203,1.1340088829950172
-0.4295442977356193,0.4295442902251032
0.5454410910600976,-0.5454410827263199
0.36091704764242816,-0.360917048869347
0.11442943679117908,-0.11442942417587486
-2.4893303536213773,2.489330341671962
-0.6965039197567844,0.6965039282595787
-0.17058070342076076,0.17058069808062035
-0.7418091629097919,0.7418091547517451
0.41827438158369884,-0.4182743833024328
1.3122540520125685,-1.3122540603592014
-0.21009182353960704,0.21009183140593474
-0.8710807900078654,0.871080800773568
-0.9645657769600784,0.9645657796931502
0.11934549982065963,-0.1193454903418427
-0.7665641900302089,0.7665641748167054
0.9115219647670365,-0.9115219510252817
0.5559711570019997,-0.5559711636827378
1.5550964208285993,-1.5550964266519558
-0.42479139052661297,0.42479138527563853
0.7325603506477155,-0.7325603533947356
-0.441792465532882,0.44179246157377283
2.2134541025852283,-2.2134540957690847
0.5656309033347209,-0.5656309035057293
-0.8898729273888564,0.8898729446336964
1.0855706485160794,-1.085570651750574
1.9401388731193672,-1.940138871315804
0.3682976044377965,-0.36829760168247805
0.3854357182968434,-0.3854357122660619
-0.7440507883759414,0.7440507805136007
0.27427583173968495,-0.2742758352654627
0.8205222549393998,-0.8205222465347131
-0.6993716876441282,0.6993716864989692
-0.5171751537302627,0.5171751545733293
2.379162556809733,-2.379162551059542
1.2458962644576392,-1.2458962740317987
-1.3031773099796047,1.3031772962574442
-1.7828714821442682,1.7828714764090972
1.1921009548279469,-1.1921009642002602
0.1410650967979425,-0.14106509844826073
1.9250073371502556,-1.9250073519839583
-0.734918009560109,0.7349179974073412
1.6441734191021529,-1.6441734277606463
-0.23081702549889901,0.23081702035163862
-0.18920305987320798,0.1892030465246827
-0.09490083394563781,0.09490084603900187
1.3890994296228112,-1.3890994310031681
-1.014394491589622,1.0143945072621663
-0.19700358425785275,0.19700359255162148
-0.18133256338951045,0.1813325772175018
-1.3986579234293863,1.3986579162577375
-1.1718111036361503,1.1718111024023823
-0.5768907880199342,0.5768907908228931
-0.4575353416521078,0.4575353584164545
0.8325214908462407,-0.8325214994612803
0.6073238337082268,-0.6073238348316472
1.6213874625709201,-1.6213874484865785
0.09266229775366007,-0.09266229861904754
-0.3386577266238955,0.3386577246601225
0.602171408204421,-0.6021714078592155
-1.9842914806136518,1.9842914681777546
1.3693828827239871,-1.3693828887168336
-0.5142180608001009,0.5142180708617852
-0.5229605755340695,0.5229605651328106
0.6587947293445986,-0.6587947358256786
-2.775157466850932,2.7751574746694008
2.1594038385066017,-2.159403834987695
-0.6443182527341704,0.6443182471083678
-0.20827321677461907,0.2082732229536829
0.07760335409465467,-0.07760334122724788
0.9622161030139065,-0.9622160976068284
-0.6873906282289478,0.6873906219290689
0.32887522841569355,-0.32887521364448924
0.14795823224751367,-0.14795822772444622
0.7191079781348916,-0.7191079644603036
1.4319959045762527,-1.4319958945875
-0.3768229451710647,0.3768229556581118
-0.8658401556269926,0.865840144208633
0.7045648565266789,-0.7045648690777432
-2.515434830606567,2.5154348285570816
-0.5162516920480558,0.5162516841874983
0.750994707111591,-0.7509947068828582
-1.1492812719446581,1.149281268353621
-1.7260379498424228,1.7260379503701149
-0.17350054795927894,0.17350053583328737
1.121008010982001,-1.1210080183023363
-0.6014426346597598,0.6014426373006847
0.7199610925375527,-0.7199610957541975
-0.7003631267419331,0.7003631256087741
-0.05828175865493242,0.0582817640937439
-0.1713443601002702,0.1713443503060845
0.40369648882653447,-0.4036964892437988
-0.2399001846573394,0.2399001939379922
-1.477794008191366,1.4777940041960849
-0.9022324185402388,0.9022324253663907
1.6295715816384833,-1.629571578569619
-1.550280922096543,1.5502809296106848
-0.33238440578689094,0.3323844103338267
1.6708163423636813,-1.6708163540745953
2.084979231446256,-2.084979239583739
-0.6201919442258778,0.6201919402860445
-0.07431365757571229,0.07431366206570418
-0.8694972800223457,0.869497281014713
0.12498596410452387,-0.12498597054364288
1.8405032729510455,-1.840503267218532
0.9714894724862211,-0.9714894791751199
-0.5955387438536582,0.5955387367126384
0.876788425056754,-0.8767884288463633
1.1924321338563584,-1.1924321292049265
-1.3454623532526144,1.345462357844681
0.3916295328438514,-0.3916295288302798
0.41470452409041136,-0.41470452773698585
-2.757126982235823,2.757126983151205
1.3732628342340902,-1.3732628467269004
0.007969195853464188,-0.007969200015356236
-0.22736350642278588,0.22736351421577614
-0.49178278294544475,0.4917827752767201
-0.019104644778549958,0.019104644403922632
-0.44905378488421466,0.44905377963146276
0.7665410609579124,-0.7665410478799803
-1.033347324932475,1.0333473262966306
0.9900826092370508,-0.990082601426456
1.1505334512672338,-1.1505334559138238
1.2836107896701956,-1.2836107881562966
-0.10578571615511151,0.1057857019040975
-0.6352682754048672,0.6352682798892306
-0.9593388168141757,0.9593388128166991
-0.5021138179263873,0.5021138256661296
-1.1076194971714703,1.1076194960898247
-1.3999716732496417,1.3999716827249873
-0.5488353045527632,0.5488353076724698
-0.5998407434919715,0.5998407397701954
-0.27487288664338044,0.2748728969384596
-1.4720227580411862,1.4720227603961
-0.5090020579646675,0.5090020654572512
0.016630226716530146,-0.01663022876895882
-0.9674220635230604,0.9674220720743838
-0.18507304464647167,0.18507305863781867
0.6564032903496354,-0.6564032880025641
-0.8772567032690193,0.8772567156062465
0.0958193848031833,-0.09581938848357624
-0.8340243325443731,0.8340243333478273
0.2303665254704787,-0.23036651579600476
-0.6697122574128318,0.6697122538187182
0.7941339501232363,-0.7941339458840231
0.7172137222404614,-0.7172137335726827
-0.04661694277550065,0.04661693678282866
0.35594752837877075,-0.3559475332672379
-0.8399328592564236,0.8399328557472511
1.5304246721202677,-1.5304246699745596
-0.031229918518485167,0.031229915231131555
1.4339052786771886,-1.4339052851880971
1.1378493019901832,-1.1378493012983555
-0.6341772774265897,0.6341772802427467
0.0453244938609026,-0.04532449814250673
-1.84449519227508,1.8444951965842868
1.1481455742164297,-1.1481455639726197
-1.0241293470278796,1.02412933546772
0.5354289398624826,-0.5354289482232553
-0.7379087761893304,0.7379087886683829
0.7122867776507777,-0.712286784069787
-1.5642472103032499,1.564247210122924
2.7088875168505604,-2.708887527786081
0.2279242201878294,-0.22792423186893804
-0.7345120381731016,0.7345120360350369
1.6668647856177865,-1.6668647833193229
0.7463617214033057,-0.7463617291027389
0.6561039692997257,-0.656103956311138
-1.2350805485510343,1.2350805565665064
-1.6313443179748521,1.6313443125850053
-0.9942929203113481,0.9942929272509896
-0.3676499707837585,0.3676499665762066
-1.2093982804643295,1.209398287069658
-0.3850107947623591,0.385010785398909
0.6051380253393357,-0.6051380167965895
0.5272492869074668,-0.5272492988270311
0.5453253394365102,-0.5453253370611484
0.5758626100280471,-0.5758626049711394
0.38733932452678604,-0.3873393142599146
-0.5596842342696463,0.5596842367484944
-1.1622027106564647,1.1622027032951436
0.7923684038591277,-0.792368407111067
1.6432670781937948,-1.6432670885528728
-0.6007531656589336,0.6007531647497583
1.9135131532084189,-1.9135131508955516
-0.5303397353262701,0.530339743782364
-0.8982987036708519,0.8982987043236714
-2.2204564502406026,2.2204564386231342
-0.9090631815828104,0.9090631662318912
-0.3027897624716202,0.30278975494995675
0.15908497162891552,-0.15908496825744917
-0.48627068346420965,0.4862706749000808
-0.2741040635222493,0.2741040684091749
-1.0588405039066906,1.0588405041744748
0.8204348723018644,-0.8204348749204229
0.36025242086196146,-0.36025241619940884
0.7833809808470057,-0.7833809784511038
-0.1606303210097331,0.16063032267187832
-0.3615859687307736,0.36158597635324663
-0.20040243170080563,0.20040243518550188
-0.5027812731922074,0.5027812706624432
-0.10233283514730084,0.10233284742134115
-0.3389407678672269,0.3389407613882338
-0.5442035972026501,0.5442035909829717
-0.29111103378633296,0.2911110384777234
-0.11574611085445594,0.11574611745821342
-1.6706496199490284,1.6706496230472785
-2.27092349384016,2.2709234897515627
1.6681044652188186,-1.6681044666996168
1.6595416716173856,-1.6595416843505242
0.641451902766357,-0.6414519020913306
0.912964776228768,-0.9129647722115355
-0.964254386648682,0.9642543817784311
0.3426519436737344,-0.3426519516838405
-0.06186187372185793,0.061861878718762406
2.2146316086549263,-2.2146316097779315
0.2031069270511521,-0.20310693038759245
0.7506379611928355,-0.7506379780731618
1.1382681117438898,-1.1382681152464043
-0.4404746851488546,0.44047468082250296
-0.7771099098577018,0.7771099194970604
0.09661309522471179,-0.09661309530165821
0.23465679536391396,-0.23465680192305768
1.6072368614276982,-1.607236852641509
1.6471274112553727,-1.6471273976972989
0.34302776072305124,-0.3430277676565068
-0.16000297912725936,0.1600029911982779
1.1674600156334232,-1.167460017091747
0.547705794038803,-0.547705789576128
3.268955990986276,-3.2689559739927345
0.07816179357534146,-0.07816178812290303
0.6089999778480808,-0.6089999718108542
0.07776450761479647,-0.07776449133516143
-0.2602387149444658,0.26023870831473955
0.5073889362749231,-0.507388927154203
0.6966658524479956,-0.6966658523112618
0.8282709698687547,-0.8282709610407488
-1.0494354642216048,1.0494354494259102
-2.4168336900512455,2.4168336855147254
-0.9893223086566211,0.9893223118502633
0.12450915100712932,-0.12450914579013948
0.1761447620593753,-0.1761447543965551
-0.04733489572107006,0.047334888212898475
0.7580168285287096,-0.7580168221618827
-0.9806792311792825,0.9806792429177098
0.47285719575757473,-0.4728571797858721
1.3826652591073307,-1.3826652438732792
-0.7863063993751662,0.786306407453869
-1.7215967564872379,1.7215967626226962
-0.31233393673361737,0.3123339313263894
0.8708767012904106,-0.870876703080598
0.7739067880065746,-0.7739067906645318
-0.6808127286713258,0.6808127211696515
-0.6072031683885708,0.6072031734295295
-0.26956740563217324,0.26956740752591835
1.2616867520385584,-1.2616867551774291
1.2042398460210841,-1.204239847869686
0.6804774068399034,-0.6804774063618042
0.11412046144120766,-0.11412046992438915
0.425173019633976,-0.4251730195058039
-0.19392525571530134,0.19392526888359757
0.36304820977950575,-0.3630482064571593
-1.8569739546957917,1.8569739691464342
0.07676335522382002,-0.0767633589852831
-1.302967317219187,1.3029673247275024
1.7911074133689013,-1.7911074287400874
0.5023694303656282,-0.5023694348012571
-1.5928312804751021,1.5928312864282788
-0.1459316078314803,0.14593160213786874
-0.12353251809502587,0.12353253051349393
-1.319527156410596,1.3195271589454818
0.21297165949131341,-0.21297167645166204
-0.5926761277138178,0.5926761207504516
1.1687353961155436,-1.1687354198682267
-1.4792145683594222,1.4792145663053118
0.4507218509946922,-0.4507218469697022
1.706018124367116,-1.7060181328296196
-0.02381271195314711,0.023812718263308774
-0.8004678569195616,0.800467861714599
1.9687360897763189,-1.968736089805591
-1.2375000651430124,1.2375000488916066
-1.9914380751784309,1.991438068099732
-0.6736822819143177,0.6736822763010346
0.06449490330201024,-0.06449490466573145
0.5811515554373327,-0.5811515663826019
1.5392795441046143,-1.5392795385764497
1.5129700456379767,-1.512970039346949
0.34065476525690075,-0.34065476703527003
-0.45539242127647545,0.4553924181862142
-1.7821228657327821,1.7821228665832538
0.24566017307235163,-0.24566017185839592
0.06659348225162665,-0.06659348462655056
-2.1062695329575156,2.106269530077656
-0.8692309493199338,0.8692309494753988
1.2866732466631257,-1.2866732433137291
-0.187902901965577,0.18790291189559918
-1.4152914196396542,1.41529142428874
0.6147468246144941,-0.6147468061534405
0.1785880462984207,-0.17858804676921147
-0.46032359153023145,0.4603235832302018
-1.8907672627170113,1.89076726533515
-0.10582293623230082,0.10582293506271406
-0.9268220586071486,0.9268220515339426
0.7631994628451495,-0.7631994655944596
-0.04208920113965679,0.042089196617696716
0.8698942887026425,-0.8698942884511184
0.5180917557471167,-0.5180917512493556
-0.438726075244882,0.4387260752315862
-0.9456285319720448,0.945628542242037
-1.97591750814508,1.9759174962055706
0.9730207996689418,-0.9730207875457849
0.7897354129127973,-0.7897354148659806
-2.3736215197652357,2.373621528128175
0.8224460840999004,-0.8224460939744491
0.005872383680319183,-0.005872378466427006
0.1879238625498736,-0.18792384419421448
0.14312987082036846,-0.14312984968371528
0.21090374698664818,-0.21090375727684033
-0.8058605012016727,0.8058605173895884
0.11075546165077244,-0.11075546125609975
-0.28993494549425414,0.28993494964805994
1.1989973134870617,-1.1989973246084138
-1.8851073042896376,1.885107318889946
-0.9896681041734644,0.9896680991813148
-0.9121837258809012,0.912183733540297
-0.057277563994056764,0.05727756286982449
0.9335558081121625,-0.9335557933109316
-1.817360193072425,1.8173601863844016
-0.057973990708188386,0.057973981969078464
0.8689163950169317,-0.8689163952977931
0.03452299685234003,-0.034522999635357564
0.23568734833170657,-0.23568733607415548
0.1721472611161295,-0.17214725844004888
-0.8165076378276892,0.8165076311642772
0.7990898904075067,-0.7990898973936639
0.5758120416697191,-0.5758120568583966
1.4996101295020723,-1.499610130393654
-0.2797013461073727,0.2797013545251309
-1.4819852568410483,1.4819852572285253
0.15430196066591426,-0.1543019581623155
0.02093208192000053,-0.02093207762518909
1.6055539900337557,-1.6055539840672888
2.0775885980570594,-2.0775886009055697
-0.35306113412272705,0.353061126887693
-0.8862054051547079,0.8862053985020724
-1.745666457872652,1.7456664570243283
-1.7578023730585428,1.757802380118042
-0.4640347169639935,0.4640347208021384
-0.1812251721214033,0.18122517781425307
0.6881732628823422,-0.6881732506185199
0.8973885799142355,-0.8973885837701313
1.0254386775839686,-1.0254386884246283
0.24422366371241755,-0.2442236525997919
1.2638876340454581,-1.2638876381241482
-0.024449555445021927,0.024449556585986715
-0.24368779037701835,0.24368779644903446
0.1923671915608965,-0.19236720836117394
-0.8740264830867706,0.8740264795664934
-0.4952400031235901,0.49524000342108293
1.0043906141916163,-1.0043906201122845
-0.24758424775644988,0.24758424623817843
-1.028468198065443,1.0284682118323003
2.0635100176545222,-2.063510015060124
0.37199325154284535,-0.37199325836597824
-0.7365691332676191,0.7365691387667834
1.758838638879832,-1.7588386229285367
0.0631488189047813,-0.06314879839561859
-0.9606506430326358,0.9606506493686684
0.8909517390841378,-0.8909517412701738
-1.7662436463418119,1.7662436493807006
0.20305145929466503,-0.20305146482522915
-0.24765019823295564,0.24765018891880725
-0.4472834755043445,0.44728348120329425
-0.56596424203439,0.5659642418847611
0.21627474778986722,-0.2162747529542175
0.509372230054944,-0.5093722406694494
0.30768813109247584,-0.3076881379350411
1.0514933831964584,-1.051493395660026
-1.108865925994014,1.1088659268854575
0.3140168889631219,-0.3140168981098628
0.7804730791600558,-0.780473074618445
-1.8347477243902188,1.8347477256127351
1.1520772296580444,-1.1520772388270524
0.9666475560218116,-0.966647559072266
-1.1170791348584836,1.117079126415907
-0.8525277896895699,0.8525277932159795
-1.3726692544463739,1.3726692553135942
1.7508216571721378,-1.7508216586805214
-0.8347593843093825,0.8347593957881837
-0.4050524506112697,0.4050524626054639
1.2437042206701232,-1.2437042269392273
-1.6644007590386531,1.664400773021719
0.7794199170577933,-0.7794199171193052
-1.2517352792130276,1.2517352787178497
-0.8431388213998827,0.8431388251794951
0.42749235866004265,-0.4274923589917381
2.0699544706709827,-2.0699544706370485
-0.252710027427766,0.2527100307894653
-0.3566265867370296,0.35662659280183556
1.1951398626327987,-1.1951398630054155
-0.0010013831148497473,0.0010013959950259735
-2.3319148889631536,2.33191489477266
2.168542421178191,-2.168542407487844
-0.3663448881522199,0.36634487828555656
-0.0625238978118007,0.06252389800826601
0.6143663359539835,-0.6143663487614665
0.3455116284947669,-0.3455116336718374
0.323271967881325,-0.3232719790768279
0.12390036823212038,-0.12390036289276886
1.1685473394349029,-1.1685473290136783
-0.7887720773222108,0.788772073046259
1.2844108860565762,-1.2844108837708692
-0.29926085735589913,0.299260860250467
1.8124359723306704,-1.8124359735311204
-0.6006210713620485,0.6006210718705829
-0.29675851479999443,0.29675851737248704
0.6458581255242805,-0.6458581330893789
-0.6085571269923635,0.6085571197744278
0.3658691883201628,-0.3658692003899798
0.20196057588441252,-0.20196056861037281
0.08681994185679537,-0.08681995060560323
0.7323263848959293,-0.7323263978385715
-0.3156878423517311,0.315687841145827
-1.3139907870192433,1.3139907719919504
0.5339653402302224,-0.5339653374488289
-1.7376862538990236,1.7376862409531904
1.0398145989946772,-1.0398146047115635
-0.60690023546557,0.606900234680666
-1.090010092784017,1.090010104365962
-0.6775611056505544,0.677561126840237
-0.2319613438357359,0.2319613538737057
-0.003709037192533719,0.0037090341748742617
0.25850996597184406,-0.2585099747992747
1.1784536856174455,-1.1784536766386835
-0.6399902182649119,0.6399902255064465
0.898747695164132,-0.89874769270419
2.01400849915847,-2.014008490116475
1.6381433008005828,-1.6381432992365743
0.33906218283772543,-0.3390621854147271
1.283106357449932,-1.283106359221548
-0.06987871322795518,0.06987871816207705
0.1374879272089257,-0.1374879281196285
-0.26528573140235223,0.26528573933442096
0.7985623699665169,-0.7985623765531872
-0.49278775144617004,0.49278775717945666
1.1397626631922808,-1.1397626553166764
-1.956634349924313,1.956634359213196
-0.6329135326111994,0.6329135396498039
0.04532805072030396,-0.045328051259173247
0.4899455210701409,-0.48994550940287585
-0.9728245925494686,0.9728246021964898
0.2809150588257795,-0.28091504161020026
0.8308083411434658,-0.8308083479161482
0.40485474870088994,-0.4048547517511896
-0.17374069638012382,0.17374069797208375
-0.37704216471919416,0.3770421702029091
0.044749714927452014,-0.04474970576626052
0.9762731581646411,-0.9762731535632807
0.31975294619809325,-0.31975295400231346
-0.7242526294373138,0.7242526200011503
2.0545587980653965,-2.054558795043893
0.6314266911730666,-0.6314266913184975
-0.11333939763530819,0.1133393805490761
-1.0655536903603606,1.0655536860903476
0.5638838524930748,-0.5638838528907644
0.8119699168974032,-0.8119699269581669
-0.6894141957602686,0.6894141857261947
1.3663576686569054,-1.3663576687631975
-1.5542365682796346,1.5542365626210108
0.6259672141624878,-0.6259672145650033
0.2955203990201253,-0.29552040633026694
-0.29835071978074995,0.2983507143159678
-0.4078762607688608,0.40787625972666003
0.9249354527795599,-0.9249354574630988
-0.9554525486587271,0.9554525593764267
1.4460997052856308,-1.4460997173949788
-0.03952907881482377,0.039529085186544334
0.19074637964039098,-0.19074637518735882
0.5170757287945079,-0.5170757357054878
0.43051624056337184,-0.43051623640649167
-0.15876486666026607,0.15876485425144712
-0.39283542246932174,0.3928354188263497
-1.6282709331465126,1.6282709355313476
1.2269018685718847,-1.2269018769390332
-0.17194025000568708,0.1719402558790917
-0.5827915306961114,0.5827915326698925
-0.8430848221485553,0.8430848427483223
0.5592865430050494,-0.5592865391870219
0.157054717771503,-0.1570547256363718
-0.42613886847219423,0.4261388649574301
1.3863168266191828,-1.3863168183042605
0.0875230781663399,-0.08752308431876091
-1.1334135769526972,1.1334135908299954
-0.5086409773294287,0.5086409692751924
0.36301733030142574,-0.36301731729512665
-1.2569878667260506,1.2569878591885388
0.5671843628304646,-0.5671843538689205
1.538733757990345,-1.5387337650397448
1.885404307111741,-1.8854043134224316
-0.6408783425132949,0.6408783362959375
1.2260342768687917,-1.2260342874025343
-0.5856942966629085,0.5856943125530871
0.132261007493343,-0.13226099990220158
-0.11766352528699346,0.11766353323778055
1.3034015120869962,-1.3034015080730836
-0.2288893031217254,0.22888930558068654
2.2203689075412245,-2.2203689116575562
1.4657392967033858,-1.4657392934648552
-0.49990030764724086,0.499900306581825
0.46414741439434826,-0.46414739933501026
0.4242933329587181,-0.42429332620600724
-0.8145390056283658,0.8145390136318272
-0.04929314463195366,0.049293155611159774
-1.0043395421772776,1.0043395451094475
-2.2269346216993298,2.2269346300614785
-0.5732869328021771,0.5732869424074734
0.8624630085796992,-0.8624630051876472
0.9438593082533585,-0.9438593163732533
-1.1962863287187637,1.1962863227631026
0.07604210492382321,-0.07604210236506907
0.06851113158060239,-0.06851110628361631
-1.2147721707828592,1.2147721635819155
0.260487192447084,-0.2604871937776123
-0.9058366080096467,0.9058366142245373
-2.256486240575455,2.256486229824243
-0.5172093571844742,0.5172093543427206
1.700861340512881,-1.7008613497685603
-1.3055435745908546,1.3055435833552826
-0.6672656558384732,0.6672656517882734
-0.6843523411109542,0.6843523387122611
0.892904612853496,-0.8929046098766403
-1.7333852767332527,1.7333852776494598
0.5870535101708009,-0.5870535061324564
-0.1483595355779564,0.14835952606134908
0.14890015590830202,-0.14890014879679517
0.7700416160075817,-0.7700416184883424
1.520222412830569,-1.5202224146236125
1.1540310060599994,-1.1540310049882796
-2.105394027838224,2.105394031957367
-0.15227110515857667,0.15227110352661746
0.07486527057684543,-0.07486526409615776
0.958565834406513,-0.958565842704704
-0.3660582881304091,0.36605828909954014
-0.3771698080475439,0.3771698110823996
-2.331034073726282,2.331034065145071
-1.2270517286406672,1.2270517317794083
0.29183288057332973,-0.29183288013403674
-0.5387083258483586,0.5387083385782463
0.43300872606566504,-0.4330087188169453
1.9609854332262868,-1.960985441821363
1.749813455116222,-1.7498134596620964
0.8908056721909785,-0.8908056786838887
0.7347861246652104,-0.7347861332281653
-2.0380151244589277,2.03801513935492
-1.0824401995215152,1.0824401989039898
1.3446025894195712,-1.344602586097559
-0.6940684623488848,0.6940684688953
0.09216285493386303,-0.09216285734409273
-0.6999106982283361,0.6999106886480472
-1.7208253533744002,1.7208253570915393
0.9452897813060498,-0.9452897825908763
1.2135251731836383,-1.2135251670988192
1.9803721550424975,-1.9803721716166454
1.4066543331886334,-1.4066543360945567
0.973599263914229,-0.9735992515331788
-0.5382538168148955,0.53825382632373
-0.3024832945726489,0.3024832964735182
0.9013212822180633,-0.901321273391854
0.1915394228914047,-0.1915394147915448
-1.4277193610884669,1.4277193603452474
-0.09418158829751071,0.0941815968519099
-0.04412910357935229,0.044129108090437096
0.860726832290808,-0.8607268330329104
-0.06771875359178978,0.06771874818898167
-0.1919949254169644,0.19199491734610696
-0.3218343599617235,0.3218343479209724
-0.18914683864814258,0.18914684554095945
-0.6389195670949771,0.6389195537002741
-1.209716449808348,1.209716461565976
-0.9995549948913435,0.9995549960955966
0.6572696941031292,-0.6572697025716658
0.3518152338214887,-0.3518152340523479
-0.7920439094216136,0.7920439023191577
-0.39722549165223864,0.39722548809299774
0.7131639946835961,-0.7131640039380466
0.9105368583511693,-0.9105368600439778
0.14083113564024854,-0.1408311260372247
-1.5728819144010249,1.5728819294967957
-2.0382069865409274,2.0382069947756802
1.100184576288777,-1.1001845764742852
1.1617861030915628,-1.1617860892962422
-0.4791925315445886,0.47919253283146407
1.0786499262798177,-1.0786499270331682
-0.0385028228144643,0.03850281904027601
0.4161366891817645,-0.41613668455136177
0.8738818940825624,-0.873881885016328
1.1546212775349307,-1.1546212671380156
0.7831540155050704,-0.78315400909674
1.7397382630000815,-1.739738264253545
0.3511952482959448,-0.3511952488132035
0.5165063797508538,-0.5165063660745787
-0.7876500050422353,0.7876499949948745
0.7869568280953918,-0.7869568308822643
-0.29832180989960444,0.29832181641826544
0.06052722602639098,-0.060527218752422805
1.642528989929821,-1.6425289930718037
-0.13699126958993146,0.1369912565352596
-0.9508137355708994,0.9508137269985035
1.960121950827348,-1.9601219480098164
0.10823051358601962,-0.10823050847573107
1.1925808183649622,-1.1925808218361977
0.44026327862100173,-0.4402632640888103
-0.7587207993878655,0.7587208190333763
-1.5487119564353486,1.5487119539779242
0.21638982297996726,-0.21638982872132254
0.2522663965433626,-0.25226638965152054
-0.5031922966064939,0.5031922970106651
0.011936133145494385,-0.011936121707723606
0.4993649215904186,-0.4993649282256604
-0.2578171008451411,0.2578171111683309
-0.9293726428988027,0.9293726377522424
0.008403331786951136,-0.008403344843582026
0.6415563656895057,-0.6415563652695966
0.2712812498860761,-0.27128126556204935
0.8245645975666519,-0.8245645883475713
-0.24502656872994677,0.24502657093129587
0.6853397984152626,-0.6853397879022349
0.154791758680988,-0.1547917540289482
-0.10863584470232895,0.10863583502769719
-2.189496660477192,2.189496655661419
0.4382864065697868,-0.43828639932050617
-0.8728702336485331,0.8728702335234296
-0.4194545988987755,0.4194545857210675
-0.4834058778554871,0.4834058811827014
0.5051707359126052,-0.5051707389321921
-1.1454969300269466,1.1454969354990314
-0.25409168286327405,0.2540916797569638
0.1029180652477147,-0.10291806896363447
-1.3395793617472371,1.339579358799537
1.4171323863973249,-1.417132392402037
0.26569990048007597,-0.2656999156669328
0.3707811674686256,-0.37078116723848153
-0.27027050438331485,0.2702705142728572
-1.4527111012393814,1.4527111022020232
1.2689724847276136,-1.268972486132729
-1.0728760776030863,1.0728760995805025
-2.044426867322934,2.0444268716960594
-0.6973984474590272,0.6973984434480613
1.2776336744309182,-1.2776336713540668
-0.46826076065471817,0.4682607553716706
0.6561747986637598,-0.6561747861540453
-0.5181957391561205,0.5181957310213087
-0.48379862047740346,0.4837986230100331
-0.43538093419999807,0.435380934008677
1.5857006992635188,-1.5857007049495904
0.07640535149612604,-0.07640535525976376
-0.021300657206221346,0.02130065170422395
-0.4280376808968173,0.42803769074118153
0.9850487544940432,-0.9850487594509658
0.5536919838821907,-0.553691992203007
-1.4588160382147337,1.4588160252971762
0.08445623607036834,-0.08445623057924055
0.9498354550148392,-0.94983544312043
-0.12902973593715217,0.12902973701944423
-0.7062546299318518,0.7062546293806913
-1.2079886803720168,1.2079886984088943
0.5243905743127195,-0.5243905830767454
0.5607784791249701,-0.5607784767992318
1.4058658589245374,-1.4058658466610408
0.5346120231768138,-0.5346120157128695
-0.4499913087365832,0.4499913034580404
0.2522045338141902,-0.2522045293820254
-0.061253720476233633,0.06125371633012264
0.2210975267280485,-0.22109753483763778
0.14364660122204856,-0.14364659427745602
0.795207136022243,-0.7952071336750621
-0.5890354528436996,0.5890354555115708
0.6659580734420096,-0.6659580822679562
-0.34349439870737586,0.34349440217811905
0.037916533456911476,-0.037916533806496344
-1.3885365014091422,1.3885364978335017
0.2767697324301902,-0.27676973046723646
0.3014827605085302,-0.3014827630352002
1.4583991061737072,-1.4583991155419185
1.5100746331209298,-1.5100746305016846
-0.15861728545321668,0.15861729600808508
0.4714444383727936,-0.4714444269461553
-0.698617244862459,0.6986172377342309
1.247549934031091,-1.2475499375135495
-0.22507811302614447,0.2250781089283004
-0.3139664632123327,0.31396644928541234
0.49594902985474887,-0.49594902385892925
1.254387920346013,-1.254387917226908
0.564960214280404,-0.5649602227795637
0.3667181491498496,-0.366718155024804
0.03193822790349916,-0.03193823738009503
0.44381962730216984,-0.4438196285829371
0.5326297757550233,-0.5326297562510617
-0.7107120021639207,0.7107120004653134
0.3836497134198312,-0.38364971938229614
-0.2230731995869662,0.2230731963300816
0.30529667184232046,-0.3052966706243723
1.4376108159299341,-1.4376108398762806
-1.4666513871337448,1.466651392729993
-0.09001916580770315,0.09001916111170669
-0.10576499284028754,0.10576498272482576
0.3104987886437396,-0.31049879018381804
-1.2673929879361368,1.2673930003841223
0.5942987485671003,-0.5942987524469495
0.014610343735874887,-0.014610347507160434
0.8632397311488175,-0.8632397232679
-0.7609545580910276,0.7609545575229494
-0.7066718860839553,0.7066718826079625
-0.5190783999009116,0.5190784042916116
-0.6237224930106663,0.623722479967167
0.06998920958209617,-0.06998922025127342
2.0281799213035394,-2.028179930312377
0.8287419389183047,-0.828741948940383
0.3116491087726595,-0.3116490945921044
-1.420523023010915,1.4205230219680756
0.8507471982713224,-0.8507471954493784
-2.441399790037162,2.4413998072331893
0.3773409357113296,-0.37734093655314177
0.603412282384053,-0.6034122822941814
-1.575176789724923,1.5751767944315096
-0.2533936657268157,0.2533936740864863
1.3747096993951025,-1.3747096979644697
0.2683396912239337,-0.2683397013976808
0.6391886803341789,-0.6391886731490225
-0.13016255565691429,0.13016254341289363
-0.009023320449915329,0.009023316488833344
-1.5471159847965492,1.5471159716306084
1.671639729371176,-1.67163973210636
0.2467677486206376,-0.2467677693998827
0.4485828324753463,-0.4485828379005405
-0.34732908370987586,0.34732908149914676
-0.5196503617622358,0.5196503594425679
-1.3678833303412745,1.3678833280289249
0.702549242263312,-0.7025492300650314
0.016559583079704957,-0.0165595806535351
0.014481231889718374,-0.014481224165269013
-1.776585664266483,1.7765856556939044
-0.3404670910600727,0.34046709695486754
-0.40724172538159775,0.40724172266176006
0.10681099996655133,-0.10681099665592511
-0.18699451465195646,0.1869945219350102
-0.9723396471045077,0.9723396592563293
-1.570546304267621,1.570546304095207
-1.139184522650711,1.1391845316230669
1.4675685356874937,-1.467568539506213
0.5514094691179097,-0.5514094812243696
-1.867882438316812,1.86788243457493
-0.0552384472797454,0.055238440893894285
0.8152502950802807,-0.8152502937956174
-0.1588117227938452,0.15881172275320224
0.02800990162301415,-0.028009902732597666
0.9151359238820355,-0.9151359402965696
1.2692061998910866,-1.2692061957590228
-0.31951471315000685,0.3195147115993089
-1.6984602638829862,1.6984602633962205
-0.8208710045816673,0.8208710070886601
-1.1269078224871376,1.1269078162387343
-1.018709438327539,1.0187094327698787
1.4036672106157542,-1.403667214819779
1.5289858864698844,-1.5289858922687738
2.5895167407451614,-2.5895167326757313
0.010813110145964146,-0.010813098808174791
-0.042836044740176236,0.042836037029144944
0.13315040358943545,-0.1331504111776441
0.4679677232073955,-0.46796771969645284
-2.578560528416998,2.5785605188843395
1.2630232616700148,-1.2630232642915815
0.56491203685941,-0.5649120340521673
-0.031243055558125354,0.03124303823460486
-0.1395823858388295,0.13958238518327248
0.19015950989059943,-0.19015952636167832
0.38683244601273564,-0.3868324497582006
0.34818436950559795,-0.3481843770333322
-0.1669712283335432,0.16697122344326576
0.62600193800471,-0.6260019401096761
-0.20804397180239267,0.20804398466752774
-0.26265771313467573,0.26265772038974533
0.48342680974504076,-0.4834268142204588
-0.8645630429430721,0.8645630237207186
-0.6498797262955028,0.6498797269180572
0.4651438083150549,-0.4651438080408194
0.5202283237502728,-0.5202283188231225
0.3913164733788966,-0.3913164972176039
1.4098768284532566,-1.4098768272839655
-0.15799920344091267,0.15799920997720637
0.38370697070840787,-0.3837069613543309
-1.4710589143383126,1.4710589128944682
0.5796472884909903,-0.5796473006268816
1.2582725667109573,-1.2582725768474545
0.10429438326291261,-0.10429436926930892
-0.8404883895687343,0.8404883769078686
1.1180880440206222,-1.1180880375750175
-0.6811791697901649,0.6811791647641758
-1.347239107753456,1.34723910912156
-0.7696031181786718,0.7696031154050191
-2.533807271343093,2.5338072712972597
-0.039693929392623936,0.03969392239019625
-0.00717038339742956,0.007170390602416015
0.8754985133623573,-0.8754985123297049
0.3646112513555281,-0.3646112446286864
2.463648866611079,-2.463648842041422
0.1377284312865176,-0.13772842498877846
-0.6720295844129655,0.6720295932462956
-1.801143063269075,1.8011430483658097
-2.0178824762934613,2.0178824816213785
0.8802692093328472,-0.8802692088304549
-2.3795172494418524,2.379517248758595
-0.035411839260514666,0.03541184315811118
-1.3009451138040347,1.3009451239547036
0.8877023783014635,-0.88770237968537
-0.10957220002913255,0.1095721961148793
-2.3020343062256865,2.302034321884371
-1.3044500307525935,1.3044500356485453
-2.4438685056207055,2.4438685060822984
-0.8806516573460782,0.8806516568547397
-1.1407020271162822,1.1407020311053004
-1.3185849618574508,1.3185849589793253
-0.4146840620757586,0.41468405979523404
