-0.6167159040711049,0.8474886580031732
1.5141726218859024,-2.1489753149320756
-2.484698099490332,1.9069919531146273
-0.19783302094762686,-0.44633277487661405
0.05183891822406779,-0.19853634767136225
-0.980334179747969,0.02792946878968139
-0.16403290549348323,0.46646517956599554
0.19997946867954725,-0.27951952895004106
-2.49391245496115,2.040216485635764
0.20392603904539963,-1.0200971929837013
-1.4851549935029993,2.0744844443443133
-0.8150073280578042,0.42424367124198736
0.6712910693933509,-1.6427126782604093
-2.179358288319037,1.8735523719449776
-1.3740033489749632,0.9909104967868458
0.676965177674483,-0.6911400557288739
-0.22085626234393563,-0.2800473445071032
-0.19557257362263686,-0.0014433823213156755
-0.07581772511744227,-0.026095823182928374
-1.0653729601192505,0.7231560266232137
-0.101146565997164,-0.15543032678973284
-0.7380806427027826,0.8883037866129246
-1.2946921233460469,0.08987395680999621
-0.7878941043384293,-0.0514121858232916
1.01712927140709,-1.3764943968563552
-1.2926767756060935,0.6681818112609255
0.8199531687957944,-0.5395828407237788
-0.07978017608563538,-0.2626949565365442
-1.3295624878376981,2.1204868082514285
-1.422615102336171,1.5170582152353669
0.13298470907814708,1.2160465948075527
-0.6939408374838062,0.08864064131756144
-1.4197174773014414,1.5239236841499473
0.5614214952733886,0.15695763795179093
1.0026429181413552,0.19188214735084558
0.28653589828946807,-0.10511689898206088
2.129698851259474,-2.0785397846539695
0.51742714892382,-0.5625188861791564
-0.08454838644019565,-0.06635543607238646
-0.989456894599942,0.5902847867231882
-0.37831032149494953,0.8875885348615089
-0.5448731792421885,1.0218507171646665
0.3360309935412304,-1.1156610117063743
0.21413043050316197,-0.351453318914146
0.06857387762525874,-0.6765843738487443
0.9756276371132728,-0.3614875466532157
-0.527405734063524,0.4189334324860205
-0.007466636988963826,-0.9393904282815775
0.39390583266537327,1.8415467414144135
-0.7215422483512721,0.43958421126768316
-0.990448853414239,1.1610534310333471
0.9404514195749207,0.011819530509994902
-0.850669594518644,0.2157825171750351
-1.005941695908977,0.08312683500709306
-0.8229674937019815,-0.18108947920077328
-0.917342200112585,0.4969318430844587
-2.140730210327557,2.3836835359571134
1.3187046987397884,-1.2324615391027705
-0.1955236730029477,1.1090161808747918
0.9118454244197106,-1.1078602410766765
2.0057432748513646,-0.4361177652356236
0.5975711819148443,-0.6996133421713683
-0.47388488820762564,0.5730172952261787
-2.1789017063497083,2.44444222062866
0.8237270973420796,-0.4330166342587882
-0.25263848837292346,1.0648507882592626
-0.3590244800730128,-0.18763475560804632
0.32028597681751436,-0.6006731573506909
0.4181236029139158,-0.4963404152391493
0.13785396168935476,1.1261272281415937
-0.19335047258625038,0.2562212579820872
-0.9281525388219541,1.1426923668184337
-1.1781157926617962,1.1284085446622232
-0.638299115982553,-0.1619595816863715
-1.5325593078385558,0.5525212633454195
-0.8773757474283934,0.18310195768984588
0.15368316792725512,-0.15900060834853919
-0.001691057444120292,0.37094210519707516
-0.2962777643652876,-0.5471234746218587
-1.080711486968542,-0.469151292482944
0.28099150410921425,-0.4091815893549471
-0.2983055521351803,0.6427430238516246
-1.0384188792729492,0.4921502151568006
0.8678814862713827,-0.9870972999811581
0.7253608414795559,-0.6515106115737873
0.5893268723622904,-0.6395735460612906
-1.1958446524222341,0.7940334048526662
0.3393837568910369,0.15822235714291627
-0.6665927605350749,-0.52827304606603
-1.0085854783530204,0.7827033462729295
-0.0972528747005238,0.7990947165594854
0.6422496751689051,-0.3258708017864005
0.9453196603142977,-1.3775172968686424
-0.6322971658422047,1.5307877503081433
-1.086959363904421,1.1669281444507242
0.53361698908353,-0.8953728567606608
-1.193292577821187,1.5995098643614587
0.5723509490375217,-0.02348712905521555
2.7149051845643135,-1.830083845533785
-1.3934708180043047,-0.016040732357700316
0.5574863694481581,-1.5826722731575624
0.03326834558233954,0.9763370926076602
0.4499717394190341,-0.6510919370465125
-0.5888261784930748,0.40161072858554847
-0.037341453387576856,0.06570682784545796
1.0836203439443974,-1.7202645141501705
0.6444274180689796,-0.18124052337968474
1.8014562949461488,-1.1291263595677026
-0.4803971221072253,0.582157661504007
-0.33989363979935755,0.16061359469652353
-0.16350087747645486,0.2804527999337133
1.232200300115455,-0.7713622615092022
-0.41920906370080424,0.6467694638972489
-0.07494015386552755,-1.5683241810184287
1.6370735293892427,-2.2860288566745606
-0.13734720862950212,-0.7409703827646161
-1.0640163836104437,2.0791431261625366
0.026185714296199147,-0.5563869981070633
2.5796783049560545,-1.8282198607915194
-1.4563617421167903,1.6984509703649817
1.955728998043202,-1.6312380718721822
0.8199237817358657,0.34567969596134585
-1.2353763350649245,1.2641968962676604
-0.49056263873436545,-0.07254405750016135
1.0836202869411484,-0.31930511945593
1.7569661323551191,-1.2360782935106918
-2.035796667535135,1.489857179579973
-2.6755132653446796,2.6616331298982305
0.22192406668992037,-0.4138714895118264
-1.6521066105388473,0.6502495011530115
-0.21923841556949739,-0.5095845097941692
1.1056912795712852,-0.5193121310378399
0.17155751266696448,0.5423576639202833
-0.14622288775388492,-1.1427888695170967
-1.1311997596774717,0.4719493441133597
0.4276318237477297,-0.845602674451996
-0.855781200363635,1.4771646451473752
1.7183096710628238,-2.1632002630248195
-0.3141232288084572,0.5777451739597598
-0.6599508855453984,0.6084126597889477
-0.04883872626239505,0.7847034140524926
-1.2000368443588125,1.013376481225611
1.1362957513594856,-0.4561173001140674
-0.6158680240475862,-0.7087416687232122
-0.20656129520568153,-0.25531748582565417
0.6762600870714027,-0.4540586263291183
0.20966788868068478,-0.2807415669305612
-2.00770348008445,1.361468614437189
-0.6940780277257748,-0.45734907261467184
-1.0160043692312204,1.4443153145742427
0.7385652592137755,-0.05839642894280195
0.6771833143891642,-0.5620150288902094
-1.1400817152642986,0.18533257128956127
-0.09500754577690591,0.25720443091628375
0.9390067702619435,-2.3181021223676868
0.32622016140924814,0.34161653251472557
-0.8668839179515365,0.5693669245164336
0.6072723961280422,-0.5344920621762987
-1.7449831391582593,1.5006019445684429
-1.1360927224761865,1.1346920539285121
0.07667118646141395,-0.17250290908276794
-1.5509371985206435,1.493515885823191
1.1563910857915405,-0.3638269159819925
0.4292462491830354,0.44602700407354606
-0.4883073147055782,-0.7883986035400189
1.8568492364395417,-0.9772606326828003
1.4481184181938629,-1.2387157196868175
0.2601734205322595,0.6169995581751915
0.14085812406711445,-0.0002653772585318459
-0.32106499863575577,1.2946746159776539
-0.1245650025658702,0.3075662481537851
0.9601697366463648,-0.1575786365202389
0.04348505843213324,-0.7141315808602869
0.4007800500993545,-0.4692935840870532
0.06980825433258958,-0.6846604952580368
-0.14446023714932177,-0.6615958447061777
-0.06854890058708274,0.6088158549768536
-0.4098332365888948,0.08416334912132625
1.3468315846566044,-0.9383158177353592
1.1281697507916761,-1.1114842567347596
-0.7334914970934745,0.2507205582555657
0.283822016199059,0.7781858467430467
0.26200133104837203,-0.21377061672590394
1.7152307350598155,-1.7297617830566525
0.797753942206302,-0.4331477638832142
-0.7855250001437538,1.6618259004056162
0.8859746156043569,0.6001403576812592
-0.5716284966360959,-0.10328636560249757
0.8147177165803341,0.016716255977908323
0.2835627848703622,-0.48128209285784923
0.10216857883945261,-0.19554888588522557
-0.08282037976354506,0.6553837125162746
-0.5012860936737523,0.8884864537392655
-0.5692926391537091,0.10747733248707594
-1.0657084014561813,0.5115896318053992
-0.48357181170429075,0.07490025848236812
1.5381320415284017,-1.0422619716309875
0.8545747707006566,-1.3822294849835304
0.1857164119841463,-0.79339421487689
-1.5814047267088098,1.8248872157933411
0.6841265775212827,-0.28747053248573984
-0.6449373772732101,0.9551573746170205
-1.4023822390467462,1.511727162573243
-2.1070657940702544,1.5376060167707093
-1.715356135669706,1.5244763721829155
-0.30444372711755796,-0.04939506561598442
1.2801768593732963,-1.253681797590479
0.6133269383261886,-1.0477852118354662
-0.3452279315463977,0.10771800850978981
1.4516671200201294,-1.0133339700654127
1.6296595040346586,-1.4854220331845602
-1.161831622069691,1.057378439104142
-0.4737241677219376,-0.8483932284323518
0.12784517230927006,1.5393333723062046
-0.4333077476163414,1.138837782133311
0.17628194388142293,-1.1120921853623627
0.508882226334234,-0.4429624521555632
0.6256545652839839,-1.3535950224930762
-0.12048036985549754,-0.7257372162298523
0.8834879512548316,0.20047024027245153
-1.5110797265028686,0.789353605710442
-1.7496388661804618,1.5306319075344594
0.8417994220806116,-0.3951943465265576
-0.1839602560746908,0.27318190443013457
0.17700234926108982,0.008174725166738186
0.14291117654217594,0.04990095067463679
0.5297922747329292,-1.0597100758770175
0.19057136395795723,-0.12705445755747632
0.4720032758954996,0.34620647356763556
-0.4926904103563978,-0.5123285609765782
-0.13771264284605014,-0.18125633837424152
1.442229637347407,-1.4890326013798432
0.9752964506129165,0.06972287944513883
0.17251709784485286,0.4154436556047137
0.9851756964125947,-1.9888222026037004
-0.10121985416997366,-0.06719608108754195
0.3242312015580875,-0.4998333527734018
-0.6297801378803982,-0.17827934136610807
-0.134227216655408,0.04770756460013305
-1.5842497919063914,0.7218981392745842
0.2893572517983275,-0.44976538855389325
0.45727805133930177,0.8525147216580446
-1.3871006311377392,0.9523024287000417
-2.8331235781723247,1.5107384494936456
0.18334020732454426,-1.105799416381768
0.45520735359394937,-0.23787742718543015
0.8992381414453738,0.09133846572464382
1.3547557017240166,-1.3555603316260036
-0.5625248025269023,0.8430298947181085
-0.4420191408748421,0.7804197169246976
0.8443453171578855,-0.4625495402999541
-0.17088479816303848,1.1664188983008104
-1.7114334511833478,0.6433099844154466
0.650010547962316,0.4184429460943528
1.3747002870797227,-1.3803481046028983
0.3658923313645053,-0.7942159388149537
-0.22280458871897912,-0.5204905297961689
1.6771536064551185,-0.9774724270562991
-0.1644571493812128,0.13493430924822558
1.7508846402487888,-1.4944204304339972
-0.18557452561072224,0.7352012137377326
0.6847094152642583,-0.6154946247586286
0.06361344757058224,0.8050203625986685
1.9674034699560374,-1.8168793414079791
1.9565912790262585,-0.9345918402301834
1.2660439971516486,-0.20116077032501434
0.34529685079508166,-0.8501673697071223
1.5746051744371459,-1.6827484239735029
0.7626541536535294,-0.6632122559115867
0.4384433967494074,-0.8304099043033772
-1.0280523701517632,1.421219670124747
0.8542151288644861,-0.8498562520055049
0.22362651690299878,-0.10981345647627323
-0.6582779492043627,0.457042190429558
-0.5341236179436613,0.3868264826679539
1.5614196562339688,-1.7387698390420439
0.5309499919166332,-0.043575095376291256
0.7911967769555969,-1.1850468368694862
-1.1647738772065044,0.1434271474221931
-0.09642524628960614,1.2263971743536022
-0.3434765896663425,0.33093232731802685
0.6379862277752656,-0.9296467793806557
-0.2200664641262358,0.24060838991125974
-1.1896069737660866,0.2261320182539837
1.196993971739069,-0.4204879630892007
-1.965011564699867,2.102790837751334
0.22404281855163055,-0.5632617664719329
-2.367864240454214,2.8554234371848946
1.1634367802191645,-0.8368249581345617
-0.40407070060472294,-0.11266115484620365
-0.4824506711583634,0.13131900372803973
-0.15992390734634926,-0.4519566242302267
-0.5246122183182008,1.0623969087276617
-0.9895308486846359,0.33140747111050417
1.1115751188756289,-0.587963553371289
1.2367896197351693,-1.6215642301368773
-1.1617269069851437,0.7105038500872031
0.7037060784175788,-0.11709274115997759
1.5412988547952187,-1.0110396145778437
-0.5791711284634775,0.3052980225308259
-1.0813580453688427,0.22671592277808894
0.1347478925732618,-1.1773425617935063
0.4394752278207794,0.4802163491956729
0.8707017546120335,-2.1155844208678607
0.5932110538866671,-0.5376762911895034
-0.40911913009025824,0.9415817531083407
1.2219891112028851,-0.6287108950894973
-0.16846371326521525,0.8674184587173005
-0.3196934044072209,0.7984661732391856
1.3182921802885912,-1.099081891664523
-1.931442252903248,1.3711549891709554
-0.23112979641034312,0.10789927411831299
-1.35325096465798,1.3578304020272893
-2.7028777245620095,3.5844682294916064
0.24848597139684833,-0.24981094838043025
-0.056773243923643336,0.17401917808342465
-0.9363811886259719,0.6142623706388937
0.43130833859910006,-0.353007713476633
-1.1802886856392647,-0.265031216627595
-0.37076010940859644,-0.20235946259946364
0.25233292318342626,-0.9596206261339891
1.766520506037965,-1.8325580606781038
-0.129066557340624,-0.3784245039519566
-0.3390448380308061,0.895779976351689
-0.299420748192605,0.6152512704635691
1.077425810512163,-1.3912747636762077
-0.1267394525856522,0.15419742646330173
-0.8924325748345416,1.457202729528242
-0.8752579197134603,0.5524404850931738
-0.6091516609035496,0.3303123268521365
-0.39197932827553916,-0.05692508247260872
1.011706710045846,-0.3395458321332763
-1.5193545904193502,1.6706076063270028
-0.18429650750110577,0.22091942273561288
0.05019556356891425,-0.7069621766814844
-0.9126959176339574,1.629759765057547
0.7452190152141811,0.36019331975683383
0.23417750797527692,0.5039647350703714
-1.589506821232203,1.0544884175783704
-1.4750468547665485,0.4418228218463425
-0.4896120296990329,0.5099222230743421
0.6152277332036986,-0.7817255426526597
0.42518197782655887,-0.7118335036237
-1.0857830543161384,0.11744631960613827
-0.7098562180865127,1.31132712261988
-1.0778885757383605,1.61814594982527
0.8120746080660391,-1.380926763269148
0.29319585247391233,-0.48087025453963017
0.8656846797648039,-1.0307552338372108
1.0107211474451652,-1.1124445931781124
-2.236575037698307,1.967687537577862
0.40931119671033683,-0.7336904029720115
-1.1771695133801632,0.28796726100902853
-1.2453744827386313,1.0536877956545094
2.114358511473892,-2.6941192745094016
-0.7599029714742858,1.687353105142309
-0.01399683575597005,0.5194811291874355
0.31656098964232293,-0.9328813802954317
-0.35204242659947704,1.73357730810377
1.6997646853140853,-2.137836062466237
-1.1683750239942616,0.6998055451015529
1.8318319155580836,-1.7144209626035292
-0.5367910864320069,1.3637090421503213
0.6375162930960001,-0.7128790819149393
1.061380417557786,-0.7792137443605909
-0.5538244560101376,0.9972427535345055
0.9784089541580195,-0.5527551764984008
-0.8337181595033221,-0.3060333562740243
-0.08020120951609849,-0.7345044758974342
-2.503229931934573,2.341809993140843
2.4824003540563977,-1.9139631014555407
3.1333595158369087,-2.621612799105498
0.986890246439075,-1.8796256432718328
1.0924116563296167,-0.9884856118773343
-0.9378086150023462,1.2535169137581406
0.6684145657621934,-0.061641952829820656
0.06565427160897358,-0.26138639164767474
0.29773247150314464,-0.7680770048992032
0.46651305981528923,0.1996138820626299
0.44588342674725157,-1.5807256602599273
-1.3778772740361522,1.6876382702032457
-1.160467635791608,2.036764033517996
0.6246532298423004,-0.733088676080424
-0.7266959065940939,1.4632729498643493
0.3407941209773663,-0.6815350433004567
-0.7210745294605143,0.4857361524754103
1.2192417854128033,-0.7287807649411604
0.13491711296446535,-0.39812597288257895
1.3567174012102514,-0.09849342956260998
-0.9570498127545031,1.552090985275057
-1.8673023464436163,1.974135745468095
-1.6789796721378174,1.2991767037706459
1.5607785834267898,-2.199261438819419
0.7871206462650555,-1.5960744632538835
-0.8778248900715063,-0.6831598199963823
0.1724261992606067,-0.2309368694522
-0.026916264618211283,1.298101272766974
1.3220783832019556,-0.6988538524716568
1.2435188509215778,-0.1988004455480219
0.9294098117469098,-0.46644816121591165
-0.18393117614008903,-0.29656612441520863
-1.6509137008956039,1.41302173031371
0.25692590853764985,0.26152826461678136
0.16348707384925526,0.5806398729901063
-0.0937366688811056,-0.5224262610145196
-0.3907723295235287,0.3895338453186118
-1.2387801360255868,0.3826582702005317
0.9454820737622804,-0.8109360753660155
-0.8755557331408479,0.4999133640119289
-1.182103037393026,0.5431048438485011
-0.1681413076877089,-0.0235077450908652
-0.25985573639609666,0.6737882662649572
0.07405488438234148,-0.5780425740831019
0.14777313134817166,-0.8121658480554803
-1.2706238112347317,0.8550547455719568
0.8265831885865729,-0.36989499504056655
0.523489966544028,-0.8264019673283249
-0.9016580523198752,1.497831357918986
0.33237490309901563,0.20839217883220784
0.13375672672239125,0.6650720255616942
0.23657380577764614,-0.4258709658361512
-0.03653464083123337,0.5637646404715199
1.6800239690908048,-1.0842419743436
1.5373012469631608,-1.3749108285743148
0.8810393164560075,0.40460696322309614
0.22721276611006264,-1.148788456318357
0.5045420513152203,-0.7125500039970831
0.03172123552115875,0.08804468353312395
0.2899151515781763,-0.9293369915462819
0.5594156333795889,-0.049089031222541823
0.16168935927202532,-0.30706842993898714
0.35171801711737355,-0.26873853311814183
0.4047189577122698,-0.04252100701514128
0.4638960028706503,-0.41722747209663574
0.04295941604472142,0.339035998641632
-0.7559579593068522,0.9443887690424793
-0.8957263653909886,0.3109306335184278
0.9885416533018274,-0.26211613029387637
-0.3275572919042887,0.005349070557429503
-1.06164046815009,1.2159737760663272
0.7488799433796463,-0.957364318785888
-0.6021026418040316,0.23480897854195343
0.4338487667529389,0.20785903333308137
0.24198819483284856,-0.36656715883624585
-1.0131228162021126,0.9770609966638959
1.5452007051593881,-0.6036514483202217
-0.8038522277923859,0.3677461640306765
-2.0381389289760543,2.0123334612474117
0.23786484190282037,-0.08970093323621904
-0.25092166371702307,0.09202431680608744
-0.630011889984256,0.257906105562643
-0.1174945541864236,0.48642609093640243
0.23814657684351015,0.25171082018230134
-0.940297368563827,0.9222195018995443
0.8488719799694713,-1.6619920388467708
0.6150104456317458,0.49713918192792966
1.0729255086652696,-0.7591799390244245
-1.1737428166961776,0.7158902968652296
-2.306300856375564,1.5541725388600502
1.0584009576076825,-0.9237468642459155
-0.2284460075100446,-0.5550970959324707
0.6340766896042519,-0.8517709375338299
-0.8185298271144292,1.5348988582119008
0.011302023389976906,-0.38395270604523357
-0.0552893093257896,-0.5498291943992168
0.3641826001063806,-0.05276127926165186
0.25510228774453647,-0.4972899228360229
0.21351610632255585,-0.1944458357872494
-1.6119400285931302,1.7731846904364805
-0.9100357412504894,0.874641826426638
-0.6872721856424775,1.0121037782739961
0.31129670243526,0.529770101921108
-1.4205311062912112,0.9927741249504469
-0.40143911783329167,0.18991697152485543
0.362527376029901,-0.7900177998369231
2.1216340694186586,-2.7513028304884397
-0.4055216894645597,0.10835560372916211
-0.1480130671551514,0.22527589088728645
0.15285907494311224,0.7124297341654573
2.1011525767717862,-1.9243770334823795
0.9431427712544632,-0.5828275992001856
0.899227297660142,-0.665386061382737
-0.13513230544898597,-0.4318141247248804
0.03819343053754762,0.3431602122993934
0.3277887484812062,-0.8777003349832081
1.2530789306419035,-0.5615303207291852
0.30692187227263923,-0.4645180134812359
0.22473567637725989,0.3835742027735193
0.35941156895364085,0.4545791616869757
0.036052382959443574,0.9958148705850361
0.23285926516215683,0.22493181379367716
-1.6147206610126439,0.45090541638697934
0.2299419144122986,-0.31049851350874147
0.7806096301960705,0.15046679732240192
0.24283792851518476,-0.16531238644703372
0.15998165927497904,0.8562169341057233
0.7989606961339805,-0.6351161048033299
0.5771954802976916,-0.2013550144891839
-0.5169945173983166,0.8197948468747986
-0.5699826129920061,0.8511372652460037
0.31809082654914733,0.14490371773773222
0.9668576392479836,-0.9059127404920343
-0.09291022396286683,-0.45998163377675516
0.26217696835121235,-0.44936831124572046
1.3179735952474063,-0.6373776312779446
0.4489987989785715,-0.2995820035604266
0.4015624098965429,-0.8454572114854575
0.8916896991302261,-0.8166523308949267
-1.4602666993195177,0.4852054452324534
-0.4561437278706592,-0.30059123788478276
1.9180076294159156,-2.9620082968519017
-2.5035412417160345,2.3771479575058936
-0.15205522236636776,-0.07375154043477954
0.08636699183209348,0.10413647899762377
1.6565285831886314,-1.277539521907455
0.056116324214214766,-0.020808032797630438
1.8270703789209706,-1.0333361598452155
1.1007034536374776,-1.0594765686125514
-0.1479997180571792,0.8712841512172709
0.6211124925269466,-0.6824640423212097
1.0637941509677102,-0.6613330181437385
-1.9629155368790552,1.5747377180726043
-0.6852957710639973,1.1801407859735578
-0.5039996777042104,-0.24111221474181327
-0.5635895472445498,-0.270703270656493
1.504253853310183,-0.6968482584643716
1.8543870522768764,-2.394684800528562
1.5776644908750055,-1.4542966894705058
-0.7198456934076438,0.33989717598995445
1.549219352567096,-1.7090579210079306
1.9934322534283864,-1.8847423135818977
0.8027312753751059,-0.925353297107562
-0.39108360684828164,-0.009400304841337914
1.1344438893127593,-1.1336826711713812
0.5134754484012265,-0.262076477292664
0.005220403227947361,0.09159137097632483
0.08719973016538385,0.350646772491727
1.440578957136876,-0.4546605082680426
1.7285942798333807,0.1067470381722514
2.426291211223091,-0.8301779959637402
0.859309958191074,-0.8522676722337298
-0.586723747838246,0.0982879443483792
0.19153373908739102,-0.4050274828343843
-0.31309181774226114,-0.3026069724901317
-1.084751289182815,1.7259465105316398
-0.10640663746630442,0.07579793493697125
1.0776247600663857,-0.7759286340665048
-0.3019460581036887,-0.4393993373294178
1.7831930157152582,-1.796951978760465
0.5381247382511415,-0.11754351435376689
0.6254504148672901,0.14530165365831943
-0.06733982781393977,-0.6335014405437953
-0.6367407695948353,-0.21959461666074154
1.1119425093342787,0.26604142925502083
-0.7668075281582571,0.5131097530299995
-1.103213047106638,0.9378449330993655
0.1754386779912791,0.2839217886600628
-0.20107906862523917,-0.07285288942865292
1.7099075640915031,-1.6125729744691717
-0.26297798680595363,1.036760878915129
0.23366238422229874,-0.12012870566851704
-2.432313038258115,2.6298210098600525
-0.24873964579283275,-0.4256473631859367
-0.16543548275609343,-0.33735962801170283
-0.07116600168086029,-0.6029723713483676
0.32489404119783305,-0.6169306306373793
0.5057937694556363,-1.269250382519542
0.35652376118660933,-0.18372332540994699
1.3404058831142007,-1.955076537181861
0.07588599717313052,-0.37805232309359205
0.015345954770376279,-0.08060751005631561
-1.1360263937921478,-0.08370746594841694
0.16274627365777267,0.2647724612478579
-0.16186390320164373,0.1567216162836882
-0.8464318392291691,1.7952165313184496
-0.09051104914621544,-0.5111595622332963
0.22464558947187388,0.2688080614463318
1.1798140480499641,-0.3132315548041069
0.35337733040122105,-0.2772277479822381
-0.1975620925930605,0.9375996238873359
0.7257212110784652,-0.5048299136874737
0.25459071101984787,-0.5105449414768457
1.7423396529009783,-1.54183909179957
1.0923211897333418,-0.20349362717648928
0.4454350245619513,-0.4940299661562424
-1.8122341919993363,1.7632407461642987
1.5364693565475398,-1.2818835729198943
-0.9900562375281006,-0.1425669046662894
0.35344892248441007,0.0029977115806931187
-1.7721906956011384,0.7095904454476669
0.5696723144550324,-0.9320553263768965
-0.6454835018157347,0.711870510849938
1.4628995802576346,-1.748725135434411
1.40119024830752,-1.5296641076153414
0.4243456372422145,-0.4869713261710241
-0.35471663981289625,0.18754915202155262
0.739044808748534,0.2751106186090497
0.2814320967243701,0.7282708855526284
-1.0851574595639377,1.3561297786714368
-0.9844803191080101,0.9145391255666552
0.45896890533372947,-0.2773929389474472
-1.7328545319334445,0.47309371265710576
0.622291174761203,-0.202057107825881
-1.1195777627546029,-0.3170930695083616
-1.8408684937489315,2.2457961505859507
0.9957450061625118,-0.5614777809963339
1.3338230991049294,0.5522045812300026
-2.0804504301101794,1.9666650972969155
-1.4986928420297811,0.9716264049548121
0.7210219880626973,0.010073773454623347
0.595741997297256,-0.4099272952205619
-1.4391079845963106,1.2901965364969605
-0.0004545069162941173,-1.1000492057609135
0.6073313648388584,-0.20704465392519666
0.5356625739502037,0.8943839668030675
0.071120061456619,0.08120978247874577
0.7433050978744608,-0.7044241567501831
0.9661583321329819,-0.6512476713809576
-0.37585482071074805,0.8589216884423089
0.5602722299358844,-0.7496130254573012
0.6158380445754921,-1.823479484335244
0.02923910160695939,0.29377016307266623
-2.607503560641649,1.4192528027880955
-2.5614975544960563,2.9429074204225634
0.69717719821482,-0.1336077888673245
0.28532779735949687,0.20987416757309238
-0.3628660320284989,0.43654978492757235
0.21434433082578486,-0.2053391626816457
0.4437592539148367,-1.2436024137023343
-0.07548807390303212,0.1210175686635424
0.7992761029805618,-0.96683531426148
-0.729745280559214,0.9267480170636861
-2.0923533940385637,1.2158144847837073
-1.7917575676506616,0.6619728753675629
-1.2203148035476106,1.2159862047089665
-2.5051961280502786,2.383309560773565
1.617382553227901,-0.960359202794304
0.5103977889267282,0.21613460637823365
0.29434475752418066,0.3182309376914584
1.3524086566039475,-0.13345468063013843
-0.05290100314684793,-0.12508140815353677
0.4699023319148362,0.06647726997235151
-0.46454647156050854,0.08087017923747905
-0.883663888265183,1.2133748858450581
1.588355621382229,-2.333740636582876
0.5437552472170933,-0.4840628645962069
-0.14007625280053382,0.868310283176244
-0.052088695685334585,-1.576042870602325
-0.13098059096139295,0.4981840302852708
-0.9253830259200938,0.12297148139480252
-0.44190155859042585,0.5586560334834234
-0.5349424191097398,0.39635911327081613
-0.07082765617814624,-0.19100621209200602
1.6793534154454826,-1.1868309749513701
-0.4646510435132623,0.46437199962787085
-0.9847462945160789,0.8679826982524829
2.3709527706270634,-2.765570297835973
-0.11432776304347869,-0.03182084202583985
2.6318195841852434,-1.8114303323470515
0.37834720089381607,0.38331092093730107
0.1713601402012424,-0.7502939085062565
-0.054353113732427794,-0.4042928724143018
-0.8910561153173718,0.8101735347621223
0.6935190435971861,-0.9202020758874454
1.3773815092419905,-1.4035495014609096
0.09098943807495846,1.041668371552189
-0.6714867826132104,-0.8424107014749888
0.532456277724067,-0.2664613053478284
-1.1160327885141816,1.2980661931864201
-0.1068018471240108,-0.2502578635219886
-0.24095895391690778,0.7066902393404977
1.8280306130548967,-1.478174287617657
2.3548158103842596,-1.1788948596624205
-1.0106036169536248,0.9401831766138551
-1.1651736644653308,1.2787180577708177
1.1170633395831466,0.14661767520990815
0.2724210979824378,-0.48155841335934185
-0.16126668224368157,-0.42869892104014584
0.2548923279589737,-0.4919942039524859
0.7993534572116544,-0.7880758660293093
-1.062996515108555,1.6209711171289864
0.4114665697398153,-1.1590499227131796
-1.5130539764783633,0.6735220938923856
-0.11382886760230904,0.7543677536479514
-0.6046849585836647,-0.020771788687449055
-0.3121033147038742,-0.6239337612473227
1.0226311464218698,-0.7929537163414438
-0.04811207739116921,0.521662393923093
0.20634455464932006,-0.1508588639173069
0.6544708506226078,-0.8245891109429566
0.3429917968725501,-0.2877603650266093
0.5718097784974554,-0.6487007372169264
0.7580916858165694,0.7227381025482378
1.6939500696213643,-1.6147347897812465
1.4198811897251538,-1.5224475144453649
0.1929889977715098,0.4114372734968438
-0.7110727294405305,1.4730768745364102
0.6815599392793195,-0.5904210621340009
-0.14175542764949542,0.45103995864347
-0.3345297435579655,0.3627095363338102
-0.5869172321122366,0.33541802902143925
0.24333673019722096,-0.7677369104206542
0.01480030080100625,1.070149586292798
-2.093009334623028,1.6022178300080951
1.0125659258915602,-0.36597052794708096
-0.15963247371973713,0.4227012082009437
-1.097358560624208,1.5953986511890605
-0.7545314438080417,1.959400506943554
-0.6849486706562374,0.954054243766732
-0.9150137422214428,0.4668520531275351
0.38993488064155357,0.534459985834628
-0.9122896929885,1.5351726339421445
-0.07137342897123267,0.4878313964793721
0.05588222023017242,-0.7213883779151243
1.8662607160197409,-1.7091554293490492
0.444073734041876,-0.35498022017660935
0.31543355469595247,-0.005322833685032086
0.508760747783763,-0.019525752472493857
-0.8763031008336426,0.1437227176284907
-0.501242120286401,-0.4702726542625917
0.9047660776217983,-0.40956535966013563
-0.579899796383754,-0.2598714252856738
-1.4990358415138305,1.6149213510144926
-0.40264300547776,1.1549345775783588
-2.523400313617116,1.67513241482903
-1.4822321662276958,1.9992053868666857
0.47164991024668723,-0.5900181815493782
0.5551475863464803,-0.5227019101943262
0.7270008620210806,-0.5034881968183931
-1.6445267621656048,1.6949157956577485
-0.11068074926326044,-0.7186642192543076
-0.25690074790473855,0.4249415091955278
-1.0441792240888728,0.4111981148504887
1.9018357323378101,-0.7280276897203094
1.0018030574051289,-1.4832267937645898
0.5884147803325227,-0.7827626290115909
-0.7740591647013025,0.15254763859776888
-1.3404175792010753,1.7787724819493163
0.4982517651533069,-0.8987779167095937
-0.9480132491222446,1.3851157094440976
1.9088554075194109,-2.1353699697150543
-1.5592199003963603,0.6927981775001998
-0.4759704054388867,-0.27105895655054857
-0.5925178999887695,1.0487282871540868
-1.4958102521419812,-0.0243564170924222
-0.6795891312333164,0.917618499254818
-0.533075675405066,2.1917708392032655
0.0955877329414464,-0.7451084549652611
0.22337291014871807,-1.0027926528473736
0.9360367340670287,0.020589776371387702
0.3233526205420681,-0.6981771740210889
-0.11038613384864251,0.4727075926529152
-1.3966481883530661,1.4942470170017124
1.9028928166994477,-1.0407787554016292
0.09027715437592643,0.6012442126327971
1.446647152104388,-1.7621094190084843
0.0761666630704495,-1.1643675288076238
-0.3386602153127471,-0.3100896196642137
-1.0999042874408669,1.11835363096589
-0.961525808134255,0.4965498061074806
1.2890897646540054,-1.348506531233954
-1.5128585772322136,1.3180032585607924
0.6148355392934156,0.4375672351483867
-0.7713366733441438,0.6104096598543876
-0.15381512461687552,-0.004913316711981808
0.729484177707855,-0.9953774596691439
1.0731975194951193,-0.8904007190941176
-0.9833450169081279,0.19500606764586076
-0.5312353310808544,0.47096899482002863
-1.1761843968765424,1.4268746896117852
1.0870242042162448,-1.4378619977197942
-1.5167401359734454,0.5322080276877363
0.7082265854145838,-2.0060595032237973
-0.3207403050296588,-0.2491990603823493
-0.46807924121496314,-0.32406539058355754
-1.6131168911498932,0.8402312617941057
2.523025315790671,-2.096194072253897
-1.5867367648220745,1.657248472244149
-0.955509366271305,0.03604840321298752
0.03958458602115883,-0.6222250793514519
0.0883819894726075,-0.6179812535671945
-1.3165472971180536,-0.024930664171573302
-0.051954624195037866,-0.263644323492311
-0.43775010952716853,0.2586462790375522
-0.13315791362185542,-0.0006159169325379438
1.8165946622022515,-1.5979733664313378
-0.17447830293481864,-0.24590754403301052
-0.910408778488695,0.5571990072467454
0.07484277869837119,0.9944934478338028
0.15772266919082684,0.11328834626666717
-2.259107695569058,1.6645029706789738
-1.4402656969293128,0.1449658581271207
0.22380143317430734,-1.064379480948566
-0.16515657960206465,0.5407854466449151
-0.9619808034143658,0.6427776386368704
0.7577057561571345,-0.12297639408954392
0.7508844861524473,-1.362477564149085
1.0714837161253954,-1.8387086341762287
-0.6192492924060984,0.49624169234525733
1.237183515206621,-0.5071729855147287
-1.355680603796964,1.5084533923413965
-0.008202232702122503,0.5891876560562969
-1.0725522394543012,1.168151250534002
-0.5894320059055257,1.032560073794448
-1.2058834857770067,1.0065269572064293
0.9105882801550107,0.15916682821914802
0.17272420406952083,-0.845396721066274
-0.6680530542355906,1.373423829734437
-0.021123781019540044,0.46343828210412247
-0.7518177999582998,0.8268545300583694
-0.052369548478205685,0.8532559893927054
0.7004053590258934,-1.2185111423070354
1.2038100162185668,-0.41385750735520166
1.354454939965036,-1.387150401876085
-0.013151724904450074,-0.31342303959660345
-0.1436914148130683,-0.7282744601036659
0.7205555307153106,-1.1464826305862463
-1.090802566622975,1.4649877422743594
-0.32744802554457775,0.5324364305665066
0.7949726683307428,0.1497656357235942
0.9723344670999514,0.004026830199625575
0.4592714788082028,0.4606365041230967
0.8046176778254577,-0.25180603459112993
0.8273689459857767,-1.0543879563591672
0.4245343397201503,-0.8378295437275028
0.7366668749335441,-0.3035732575846386
0.6129507095092327,-0.6061652619733034
0.9852578276956921,-1.050189871331518
0.9058647631605088,-1.5648798550265939
0.02780983041370069,-0.023599298767396238
-0.392153616031042,0.9162731866691223
0.4590270007296693,-0.4069758931283117
-1.8145340963360375,0.8347644315514935
-1.2990916473919916,1.150937766837336
1.2824838335904667,-1.3472469851151427
-0.3648333761524788,0.34901882877451584
0.8361973686343264,-0.8649426332413123
0.43285832970384,0.06694099344266308
0.08301384252746957,-1.1222766773368233
-0.8070370385835712,0.60290535049902
-0.7458100336618334,1.4815677140124484
1.1220585943522356,-1.591780174085798
1.5368393566079548,-1.579760076017318
-0.7487087442029258,0.321636137887343
-0.2316378907501451,-0.1972805146977619
0.47958479021120004,-0.4660309879823842
-1.2030501629669457,0.09837758750059855
0.8255605172036842,-0.9379700377397271
0.36800024806157394,-0.22159914609333442
-1.019084718215011,0.8427128286940193
1.2001604150452794,-1.2882087827765711
-0.8300598002540756,0.6332093707564244
0.10133331751784386,-0.2750002560337549
-0.03771762148843538,0.26222926135264857
1.1892466322177926,-1.308784343506031
0.19258401868280978,-0.1321641570378122
-1.6340292206008047,1.506087654293482
0.33905164683393213,-0.029740895137454537
-0.6159051576000673,0.9426835169241631
-0.7222170248131776,1.034579702259336
-0.41557351880529947,0.3345969160488277
-0.06839793573873046,0.03698233859208295
1.095704953209129,-1.0581917753368817
-1.1842967402914153,-0.08861701079385886
-1.9585098687702251,1.5381303216233262
0.7341364622239339,-0.17778245488856026
-0.9686841154015067,0.8985286223141367
0.8691005073484936,-0.6594244867543515
-0.20929956066830788,-0.4489776484392587
1.7584442802612292,-1.3079398043410437
-0.16077127782630973,-0.323403964374189
-2.3869190569753647,1.4866024013634724
0.6704504303597224,-1.0789678954411517
1.5643711099403128,-0.8903246626772185
1.1834694567408681,-0.5195566325230099
1.1001499702053668,-0.9764178639001524
0.2182971291642708,0.14204749561403412
0.30729170711179576,-0.36667287675168336
0.6195877625421498,-0.11533906873464145
-0.04518733965745546,-0.23818195673488923
-0.25553145943492916,0.4893210892822507
-0.6624004074783184,0.8894442467734921
-1.5075314346263637,1.010907954832262
-0.46283592903573334,0.030681466895317172
0.6981273096736051,-0.9945505091663462
1.6569729714370445,-1.3383637296998725
1.1993595759402296,-0.7004093230011816
-0.5680114123843875,-0.3691107708757053
1.9444627489899982,-1.2371601530117124
1.6835037416024166,-0.17121554772634529
-1.134823316316535,0.8652782171424412
-1.4258545561020028,1.6488316253581465
-1.5207512233918172,0.14933022034163657
0.13811472366878114,0.018016591423364398
-0.6597774109797913,0.9380451420031076
0.024393648827944092,-0.5696329364436359
1.7460001141901578,-1.6045522677926733
-0.31762103462144853,-0.22417329801104457
0.15263218001716533,0.0396143372691317
-0.1500719760621324,-0.9863734492352455
0.9945346606712853,-1.3577965046829454
-1.17527722225131,0.41954655245694505
-0.6726248360891445,0.022889897260119585
0.05951958882949365,0.32795233950382147
-0.2410683330111565,0.6305494098183233
0.9844177320726003,-0.7097776065810665
0.2548269169055687,-0.20011764831904155
0.4434466055031109,-1.280158981684648
-0.233830006193186,-0.49018669987287816
0.05209516507735534,-0.5911094996765248
-0.137328032400293,1.3603567702142088
0.9125343039999473,-0.27203552554395294
1.0644834505563316,-0.6682192451684514
-1.981417649856641,2.0429224317468737
0.6746214034050921,-1.3562836290166027
0.43118729494565233,-0.1252054677621346
-0.5491941256031809,1.3649764217030762
1.044734414203485,-0.3971505757382013
-0.24765913265310635,1.009591042984654
-0.40153883997773065,0.5218942223893086
-0.8164375075589105,0.20455259265031273
1.4336514124292283,-1.5760343036157964
-0.43943665229022894,0.41748925857305613
-0.27399345871953007,1.7399764675629548
0.34464745271698216,-0.351819403611749
0.9105447764321621,-1.8817411614188038
0.558246185359358,-0.537138740572845
-2.0006445267939874,1.727276135889998
0.6821779073222256,-1.4518941750898335
0.7111098997853013,-0.4907619120885359
-0.36027081563138363,-1.1535387701163944
0.6207301833362857,-0.057014471542770395
0.17947126196137328,-0.22726926984550208
0.13191829556404647,0.6286486594021143
0.5969009565231188,0.20929705366219287
1.1815306663393321,-1.5410793392889874
1.2901385916298556,-0.7930491810813143
1.5005266633321872,-1.121707672846021
0.45309768140076606,0.06588494138528517
1.1592371122028895,-1.736237215940904
-0.8597493466859838,1.458008656110604
0.753672297389137,-2.297671332883895
-0.13816642862288084,0.17667277887553665
-0.7861686150818952,0.11803017628791429
-1.3956156193077809,2.334849361309183
-0.6525746185499656,0.35538678457961825
-0.9049272541951023,1.0885294293041066
0.2729106083042443,-0.18058914944174512
1.5830054551449109,-1.5269977536513475
-0.5400571876612309,-0.4799015748859226
1.43954005320958,-1.3922281812634005
-0.5971045473164223,0.2455630979872631
-0.13193547735553762,0.5362455776909103
-0.6545176969876081,1.4335295208202854
-0.3745370799731829,-0.572525013922446
0.8379598571976091,-0.21908160337218685
-0.11358304859079515,-1.426278846750454
0.6429803926160975,-1.0117778256184164
1.5895864210027608,-0.4460002345926223
1.274890735353464,-1.5674583048081785
0.796398729031603,-0.42583600671267097
0.5096208313172657,0.40087405556805933
1.1116631508673998,-1.3199717540684646
-1.4742755194067507,1.269733115620247
-0.09102888570445473,-0.25553545068210887
-0.7002616328952118,-0.4468908416855122
0.2773900738517262,-0.2503020984204616
-2.627925767767339,1.3836563574183334
0.43607429014633053,-0.3697443231679696
1.6923134547313623,-1.4836964848917034
1.1751950944204843,-0.5935471389140327
1.500223938501912,-0.694157837612164
0.48218296222767854,-0.3787457185871015
-1.647062862884753,2.2480355403443633
0.3506364693393648,-0.9901142488100807
-0.8820088176742289,0.08626915033536359
0.0026428605760777657,-0.7717843255142716
-0.47646557077970175,0.14482282078468456
0.6087616818066521,0.2416574908949535
-0.6162581848489982,0.47589163096408893
1.2691347595724651,-0.7444879624852261
-0.8789574335802244,0.06844939661478738
-1.3497754997480005,1.117416103488115
-1.265260787479713,-1.1935863616229558
-1.2918197122642372,1.3068958889742661
0.25595996718359465,-1.1178342147406155
1.2680343846351532,-1.5052428489758007
-1.6337167442985767,-0.008902902510240396
-0.19297280690894464,1.087940103221824
-1.1470016079590055,1.470447166418938
-0.28068078985309947,0.304512063411807
-1.5097394054582642,0.292701313783869
1.5692983160425527,-3.0505387112005495
-0.45691549233524464,-0.3931731132190961
-0.17756750743058092,0.7270921414603186
-0.9316457531931549,2.2898513880300286
-1.2365038311321213,0.6190117157592554
-0.6785343902476086,0.5822875271254366
0.35056596103573534,0.4241360768180582
0.36380025585299713,-0.3395328925107699
