1.0061684621382097,1.0061684676432578
-0.27010897658444766,-0.2701089734624617
0.16153400763146727,0.16153400144082825
0.6162839535660354,0.6162839508139607
2.3973460426035635,2.3973460424202235
-1.233411269760369,-1.233411264936075
0.08043356488462358,0.0804335633443214
-1.3689713412840372,-1.3689713283055769
0.4731680646643154,0.47316804866707096
-1.0755835983783628,-1.0755835905993083
-0.4725500964034881,-0.4725500801629272
0.743612629752709,0.743612636031661
0.6877284559204471,0.6877284645546798
1.7681727451030993,1.768172744603817
0.825455843177095,0.8254558348338435
-1.8144024770725025,-1.8144024679135187
-1.3086415615939055,-1.308641566953503
1.075308858698009,1.0753088613174744
-0.2813186477775074,-0.28131865994148475
-0.6258240918062201,-0.6258240851047484
0.5707447566487399,0.5707447521948952
1.2093043896968667,1.209304397848711
0.43018267175449865,0.4301826761084211
-0.18891637067084283,-0.18891637042130088
-1.1375229384250767,-1.1375229440554806
2.40990488170203,2.409904869348779
-1.744391364815988,-1.7443913716815265
-0.3451668402525047,-0.3451668505732254
0.9789501191003077,0.9789501243192061
0.7833806984681667,0.7833806970460976
1.0020597267747355,1.0020597410564702
1.0068734017158165,1.0068734122766387
-0.6526932844762667,-0.6526932842044665
-0.03284956531730093,-0.03284956018723103
1.5039162892404632,1.5039162886568358
1.1847704651838105,1.1847704589055337
-1.3819910212656399,-1.381991019080922
-0.8122269800830866,-0.8122269775165676
-0.658397767072839,-0.658397766304162
-0.24881101609087367,-0.24881100103810846
-0.1510252670545354,-0.15102527591012868
-0.4642526960160297,-0.4642527110194855
-1.0853596046223886,-1.0853596080349603
0.3471993786349298,0.3471993791408127
-0.5877687706141536,-0.5877687688818136
1.6496733942970858,1.649673400016655
-0.004109806134275614,-0.004109820019490584
0.5330608682741563,0.5330608918031103
-0.8516076098420103,-0.8516076196541779
-0.9087757122333704,-0.908775707086334
0.29282929675173125,0.29282928656711693
0.4839483759522547,0.48394838084727754
0.30503018270278265,0.30503017917826136
-4.034395653222939,-4.034395660503972
0.6600422193458518,0.660042219523644
0.9695642259131042,0.9695642245187607
-0.7097259911777529,-0.7097259927977432
0.17618269299253997,0.17618268211536728
0.9444700691406535,0.944470062514792
0.6902630489439108,0.6902630586995199
-0.8926501740540619,-0.8926501902954557
1.2632811217613997,1.2632811402030277
-0.29566578247851283,-0.2956657984164727
-2.097647546447097,-2.097647553130286
0.3613447152112084,0.3613447110614276
-0.18898689392125786,-0.18898689433171054
0.8068490556972746,0.8068490481649245
0.568981044308974,0.5689810571310049
0.509940143819299,0.5099401352646337
0.20745362033224182,0.20745361969436873
0.2239661114512644,0.22396611515478762
1.5369512570623638,1.536951247176731
-1.878600474503433,-1.8786004706298698
2.4553056856895834,2.455305685707265
0.18233897463979945,0.18233897355382744
0.534321536688844,0.5343215369189216
-1.1423360111064262,-1.142336008163163
-0.7578644874217729,-0.757864487692603
1.3453157001457912,1.345315705909357
1.0517619051296476,1.0517618991722786
0.43236509706162096,0.432365109717027
0.6993351630918678,0.6993351592742972
2.0131785107131943,2.0131785152435815
0.276603601561765,0.2766036087080232
0.40147434197528764,0.40147433846155545
-0.834262619861588,-0.8342626238241068
0.5179044085035485,0.5179044170186408
-1.904124101274337,-1.904124112213266
0.3892549310404106,0.38925492811644363
-0.5600695647412667,-0.5600695652856977
-0.6848018360229507,-0.6848018394521316
-0.7461766303769438,-0.7461766275997965
0.0777476187184847,0.07774761447283972
-1.0388378527493487,-1.0388378607336395
1.3835087562906572,1.3835087414930782
-0.2799750192503333,-0.27997500231601496
0.6909935228562643,0.6909935039999097
0.2526479766890627,0.252647987516691
-1.1040227568740495,-1.1040227643327776
1.9586999912027547,1.9587000034697954
-0.07659887863512807,-0.07659888731149968
-2.371450555549192,-2.3714505514989246
0.444568615458183,0.44456862717074613
2.1266868714851683,2.12668689990548
-1.64383447824006,-1.6438344780876717
-0.8662070628439829,-0.8662070675548934
-0.9489780219793522,-0.9489780236418126
0.7233928760958626,0.7233928649470823
-0.17421219809139046,-0.17421219773711183
-1.2700018692774824,-1.270001872259281
0.9339412377145883,0.9339412319170305
-0.9975524583820462,-0.9975524627960902
0.0999904556234345,0.09999046104892226
-0.06622914961729158,-0.06622914339573788
-0.011600833018499155,-0.011600842964175377
2.1029177134758914,2.102917717084584
-0.26278625074144796,-0.26278624888875746
-1.2411757886626824,-1.2411757865443842
-0.24247703005466992,-0.24247703517590397
-0.8661315500509931,-0.8661315466851268
-0.7862869225282678,-0.7862869212984924
1.8681598839158466,1.868159886720452
1.3585949800250263,1.3585949815612168
-1.8560995518062102,-1.8560995606256527
-1.2952717244625993,-1.2952717250756243
-0.7696827251407798,-0.7696827207469827
-0.4759770428156462,-0.47597703778701445
-0.9467119475706884,-0.9467119549682241
-1.8121574394968047,-1.812157433034189
-1.0003418693517843,-1.0003418884469286
-0.9243169267813954,-0.9243169315460499
-0.036722073285974294,-0.036722086026399044
-0.21879240923531387,-0.2187924030077262
0.04446244406946056,0.04446243781298799
0.1606281851274116,0.16062818445284577
-1.1814165511370787,-1.181416542691281
0.39142597154689684,0.3914259738751781
1.595641727048852,1.5956417216594077
-0.5410483258356716,-0.5410483200755438
0.7495227596584914,0.749522754367437
-0.026625599204258395,-0.026625603540977934
-1.1463548582310519,-1.1463548551834228
0.31457000520134937,0.3145699988081681
-0.30058593900332636,-0.30058593214374707
-0.572266379437992,-0.5722663774585104
0.3549816358657564,0.35498163437721714
1.6551821216790092,1.6551821155615818
-0.6660398994105895,-0.6660399035194078
-0.4849740751004578,-0.48497408758281607
-0.21540791113258917,-0.21540791672878706
2.168743313231125,2.168743312425132
0.3785509301463973,0.3785509360862296
1.830664861948805,1.8306648621778912
0.6599224248688905,0.6599224351070512
-0.09641630172787445,-0.09641628784221622
-0.5952880140746662,-0.5952880189049439
1.6792257271153466,1.6792257173995122
-2.124209447868108,-2.124209435884544
-0.6636991669723669,-0.6636991706868257
0.17513352309640773,0.17513352634484666
1.1595351394294804,1.15953513942632
-0.20818854566933637,-0.20818854879139692
0.4354664008081821,0.43546640992835395
-1.3668098250894287,-1.3668098213909798
-0.14311466814942034,-0.14311467655540316
-0.44130243723840146,-0.4413024393779379
-1.4365064710874689,-1.4365064723613563
-0.7270294754045047,-0.7270294671816537
0.42358898002587697,0.42358896824372794
-1.282749325027382,-1.282749325444219
1.0974178245878161,1.0974178200667906
-0.5549247970219671,-0.5549248070229603
0.77393082388602,0.7739308214744279
1.3116295449480027,1.3116295555651767
-0.054409955713488924,-0.05440995636858211
0.4795536708238371,0.47955365516515497
-2.3157696157861336,-2.315769619284135
0.36974686395499573,0.3697468727694303
-1.1082991794131503,-1.1082991710250838
-1.4146323906124512,-1.4146324051706203
0.7488444656806895,0.7488444642397283
-0.12393833625105025,-0.12393835175241943
-0.9261303910494908,-0.9261303947556717
-1.0243710531079473,-1.0243710603996938
0.02856733689072309,0.028567327703142922
0.5701993944462098,0.5701994063463395
-0.7551384440969685,-0.7551384475952029
-1.3968747251816132,-1.3968747189766257
-0.7074308102400123,-0.7074308145656032
-1.0781606798166634,-1.078160679255909
-0.05457412714147799,-0.054574129188725375
1.4521970369426456,1.4521970408115514
0.9970527642940787,0.9970527496822081
-0.5815308893938221,-0.5815308891100852
-0.4892674467520071,-0.48926745241054764
0.782002465166876,0.7820024659219609
-0.3281463372027061,-0.32814632824689605
0.5341673804533137,0.5341673759440821
0.5255728059246725,0.5255727987108075
-1.6777031908635276,-1.6777031909916225
-0.06247908333323912,-0.06247907381019885
1.0704420852939152,1.070442095612917
-0.6726288390773807,-0.6726288373180388
0.25274926000339537,0.25274925604906257
-1.0734805689197653,-1.0734805714263045
-0.4960421961562344,-0.49604221236483453
-0.25910625558249567,-0.25910625171780627
-3.360309768297389,-3.3603097695567388
-0.17054844863912116,-0.17054845367313073
-1.409398769483002,-1.40939877851052
-0.7280337102698091,-0.728033700008564
1.568607825485327,1.56860784297536
0.17919391436877183,0.17919390734430118
-0.658289320177361,-0.6582893313338777
-2.142067143892416,-2.142067148260679
0.038583141668210606,0.03858313366511454
-0.7955144932431808,-0.7955145052101171
-0.7962010633032556,-0.7962010677363308
-0.4449874085927329,-0.4449874173763849
0.25379059951820343,0.253790589228302
-1.297906400404007,-1.29790639587496
0.03730736731259663,0.03730737058610177
-0.7386896003428193,-0.7386896014357605
0.513040557788303,0.5130405617063619
-0.021897823569886444,-0.021897840098358337
0.2641360579351248,0.26413605578721233
-1.437755257573658,-1.4377552577332195
-1.2519357005985106,-1.2519356908073247
0.30205799277060846,0.302057993346482
1.1183739354105167,1.1183739468320366
1.136731339291729,1.1367313439015152
0.20549310110451596,0.20549309068127086
1.5671620745446313,1.5671620784827212
0.7506796946724692,0.7506796907218496
-1.7441695208521222,-1.744169516785532
-0.46668872669430217,-0.4666887303829359
-0.7644765199586715,-0.7644765207288332
0.3997470926204959,0.3997470952991258
-0.4198180342171635,-0.41981803603748785
2.8280142305772964,2.828014223745521
-1.0893373084003997,-1.089337323189599
0.016445235000894908,0.016445226694096614
-0.5273761047110058,-0.5273761014305336
0.3270617162054063,0.3270617201213143
1.1645916827215086,1.164591676986145
0.2965012889590573,0.29650127838287654
0.15907733543697564,0.15907733702410498
0.16625237798379816,0.16625236644206984
-0.9330544304859691,-0.9330544197510315
-0.020464110057530065,-0.02046409885049078
0.08847215535828591,0.08847215890338386
0.7372300538226657,0.7372300717466632
-0.2905381345746506,-0.29053812906866744
-0.7000510338901347,-0.7000510292951873
0.7866984943605009,0.7866984996929738
-2.2043245837218297,-2.204324578814202
-1.0322589412929728,-1.0322589394676305
1.021184461232492,1.0211844629505895
1.271331124389059,1.2713311221448558
-0.21894487064968182,-0.21894486506553262
2.1816038341023516,2.18160382014178
-0.5708215496535654,-0.5708215455290012
-0.372412690839722,-0.3724126775265131
1.4127661483941056,1.4127661498944484
-0.6027217182369812,-0.6027217220297951
1.344405222669584,1.344405224080511
2.336457866781198,2.3364578716905435
-0.5974234813466605,-0.597423483686226
-1.4360565905885145,-1.4360565840202404
-0.8307148899015734,-0.8307148913318924
1.6932359087569842,1.693235909830917
0.1885522279894703,0.18855223154861933
1.8287231048443326,1.828723099928695
0.6503002491174591,0.6503002536846871
-0.4457964149481457,-0.445796414019174
1.5211036987044284,1.521103707563596
1.3289901829914426,1.3289901845426304
-0.19427366530907075,-0.19427366721814232
-0.4635026392531802,-0.4635026444075719
1.2119959946334908,1.2119959981462447
-1.2941847000376046,-1.2941846774268018
-1.4169645300785731,-1.4169645179043224
0.27887006696171207,0.27887008577602834
-1.990042850204528,-1.990042861231112
0.04315695025872098,0.04315695255213231
-0.5733024044882037,-0.5733024117030254
1.385240825238411,1.3852408330736845
-0.4622865287793671,-0.46228653430954153
-0.27891980735713223,-0.27891980322822596
0.51273909543371,0.5127391007140534
-2.0820205562577487,-2.082020569630732
-0.26208933276197494,-0.26208932713165856
-1.574144982314261,-1.5741449719282623
0.5842920465917992,0.584292046351202
1.4007411553193316,1.4007411510903254
0.8038078581397196,0.8038078491323252
-1.1924518938288229,-1.1924518817605585
-0.6780998381693153,-0.678099845427545
0.045984304354791984,0.04598431337848144
0.21704343928559122,0.21704344511228812
-0.9908983840877993,-0.9908983848449854
-0.32083794322004044,-0.3208379358786618
0.373696617442271,0.37369662743387705
0.3987356117671622,0.398735603211021
1.2495509352717191,1.249550938283814
-0.8215861007190464,-0.8215861098388426
1.2767059450766884,1.2767059478295235
0.06711340317032405,0.06711341631824884
1.2819331082631877,1.2819331104825438
0.23333196126379338,0.23333197350527315
-0.769210505302264,-0.7692104899116488
0.9820234450434817,0.982023442581194
-1.0022780704813656,-1.002278078932035
0.22304779139269607,0.22304780607560412
-0.40418662130759886,-0.4041866246222333
-0.6895162678967812,-0.6895162732159926
1.1050903356088961,1.105090342170583
1.0257263891713522,1.025726362925725
-2.118027778727039,-2.1180277804565093
-1.112262599444019,-1.1122625863892557
0.2948933358642378,0.29489333307463356
-0.26820685181217047,-0.2682068404757978
-0.8757839419551343,-0.8757839447728588
-0.9869385966666466,-0.9869385847509267
1.734344046405035,1.7343440525340035
-0.23537356763553624,-0.2353735657862817
-1.0272343602345064,-1.0272343710748748
-0.6942221929032403,-0.694222192654854
-0.14018216073007123,-0.14018213888530148
1.5376322674292278,1.5376322746528472
-1.9741283449756224,-1.9741283387372646
1.3658253480638716,1.3658253501831388
-0.025064305115449482,-0.025064309419649895
-0.3542114675921192,-0.3542114586729594
1.0773377657020484,1.0773377599116467
-0.1246924193128964,-0.1246924168847878
0.21948336148100972,0.21948335743416325
-1.3584790789191434,-1.3584790728987985
0.08944995774431555,0.08944995407605537
-0.365715132344721,-0.36571512137513057
0.13537244968171674,0.1353724545372645
-0.6598953408748729,-0.6598953202496048
-1.5031223933399798,-1.5031223978259385
-0.8888028103239168,-0.8888028055444593
-0.31548687396138914,-0.3154868768210428
0.9636114056270555,0.9636114092656387
-0.510121406407675,-0.5101213984072741
-1.089864042663581,-1.0898640441624472
0.9864804281151034,0.9864804223173358
-1.0470363888357015,-1.0470364076273975
-0.7440766989313439,-0.7440766959959065
-0.14268362033375503,-0.14268361923401654
-0.5650564577681056,-0.565056455574212
1.244772559596498,1.2447725553046052
0.9069061870034475,0.9069061955921657
-0.15340837820892872,-0.15340837646373076
-0.07193394593389897,-0.07193394616476143
0.307523641565858,0.3075236550512637
0.4726047727931216,0.47260477649373206
-0.702508604628917,-0.7025086119536179
1.317879858267322,1.317879856862227
-0.15029311692732022,-0.15029310934819315
-0.5097938365498865,-0.5097938417141208
-1.0015681717948497,-1.0015681669710446
0.2532311544809683,0.25323114944712355
-0.11258998439892318,-0.11258998527305514
-0.2361589125673033,-0.23615891529327557
-0.33174976313121507,-0.3317497689234122
1.3396091541184572,1.3396091381821256
-0.40895071866593324,-0.408950713142042
-0.3225432350604619,-0.322543236543453
-0.9157218885461373,-0.9157218891792882
-0.8165697787097403,-0.8165697820122948
0.9971987006227406,0.9971986952833561
-1.4085094413731212,-1.4085094508375315
0.8718480586209337,0.8718480561177627
0.6697445230144401,0.6697445259311251
0.4928464966450049,0.49284649976219896
-0.337486640976965,-0.33748664242467213
-0.688604341369476,-0.6886043387350257
-1.1768554092789072,-1.1768553979229202
1.0862422327002335,1.086242240843684
-1.1004799284038096,-1.1004799264591147
1.7500370128888774,1.750037021269668
-0.3264740473248531,-0.32647404067054103
-2.2809258049163352,-2.2809258019736878
0.22324178126459504,0.22324178083589152
0.002990299719401853,0.002990312122888817
0.17582610733085144,0.1758261113200686
0.4600211412887131,0.4600211287230819
-0.6490821298179748,-0.6490821178595515
-1.381969450101935,-1.381969451711954
1.0543941087600777,1.0543941155696184
0.7376789632424772,0.7376789605056523
-0.7829498737436926,-0.7829498727882658
-1.510148483232309,-1.5101484920144748
-0.3081173849128509,-0.3081173923245812
0.23614374558370912,0.23614375549818153
-0.49626617649362115,-0.4962661751458639
0.7533168821339327,0.7533168896024005
-0.6542901847889673,-0.6542901941601059
-0.6570715766398747,-0.6570715622813087
0.08298413225483614,0.08298412629203415
-1.1023010271316223,-1.1023010236048325
0.6670893982748354,0.6670893927360343
-0.14634162332699183,-0.14634163026492808
-0.4687000010994376,-0.46869999897411424
-0.635136174303789,-0.6351361809641016
0.3504818816065056,0.3504818828580078
-0.08401089913175036,-0.08401089986009157
-0.23204598811122154,-0.23204598425066966
-0.41103889801546767,-0.4110389138922873
-1.2766607622749988,-1.2766607600299646
-0.5023079572897032,-0.5023079333359328
-0.34434002215561604,-0.34434001846710194
-0.8845427412640614,-0.8845427469212077
-0.1780231295712162,-0.17802312231962772
0.6522129604787738,0.6522129584466896
-0.6058673551285064,-0.6058673598281119
-0.6537329595665018,-0.65373295155168
0.013176943712857265,0.013176935560297172
0.2032683035294718,0.20326828868113503
-0.7271226634290137,-0.7271226486996816
-1.7757372661537365,-1.7757372680947097
-1.5639825333265944,-1.5639825340904998
-0.5135724575531637,-0.5135724687829067
0.9427819001061609,0.9427818946282734
-1.8379776224083941,-1.837977621746215
-1.515916669624657,-1.5159166849065888
1.6564376858887369,1.656437689629152
2.033932413524243,2.0339324072742553
1.600206272315175,1.6002062702055333
0.21264631676551798,0.21264632636687347
-1.0194987977053804,-1.0194987962488076
0.5590394993692709,0.5590394925556882
0.25483305798623457,0.2548330681205531
0.9408773726198609,0.9408773750192354
0.4866816259111091,0.48668164182259077
1.0387585078298045,1.038758497002353
0.5393199671293643,0.5393199702948027
-1.0292977100610117,-1.029297704693251
0.42922524400714435,0.4292252488345405
-1.653621627181119,-1.6536216175623906
-0.46819185813321146,-0.4681918550802802
0.047241528246855305,0.04724153568537025
0.6516475067022081,0.6516475229355535
-1.0687829614423927,-1.0687829499306138
0.9126639983247951,0.9126639982421605
-0.454562684498607,-0.45456270377167735
0.18753714883607414,0.18753715520219288
-0.2870939834514307,-0.28709398088093274
-0.001638773686143983,-0.0016387805599246137
0.7929148912436939,0.792914894445218
-2.887574651645432,-2.8875746538172855
1.1569050237251084,1.1569050310605768
-0.42686655623068,-0.4268665575666983
0.8324887909267087,0.8324887887620114
-0.7515856013696808,-0.7515856054108648
0.12039253019851254,0.12039252395507546
0.16850022680209759,0.16850023681740808
-1.1495642310665295,-1.1495642226184066
-0.013606631708010667,-0.013606625234430325
0.795199719838762,0.7951997233715292
-1.1580949739068607,-1.158094979021923
-0.22954546106550225,-0.2295454588885347
-0.8429663449124281,-0.8429663416815003
-0.5802226285081759,-0.5802226333794362
2.7816632850017955,2.7816632689231757
1.368900220476973,1.368900211648175
-2.365744096665357,-2.3657441088219877
-1.0386195681334183,-1.0386195716170314
-0.42923174550639676,-0.4292317501809081
-1.1387099776867884,-1.1387099760033619
-0.7694928483421862,-0.7694928470494057
-1.9053225283404243,-1.9053225342313977
-1.622185815537914,-1.6221858002069065
-1.726832038120051,-1.7268320318172696
-0.44836079831169295,-0.44836080948096946
0.41800835832348626,0.4180083575394109
0.06196738425664234,0.06196737377453001
-0.5528522001721147,-0.552852208954913
-1.0069645742524937,-1.0069645720298284
0.3875625566340521,0.38756255250359745
-0.5133747786545173,-0.5133747735129338
1.2228538056935754,1.2228538036864713
-0.5237322342854707,-0.5237322387505562
-1.0570412622775711,-1.0570412465594983
-1.5230499122115657,-1.523049908792558
0.11419139998771974,0.1141913983468816
-1.0763761183279503,-1.0763761019803926
0.9643365671221099,0.9643365597084635
-0.7020073308226755,-0.7020073298231976
1.0509553239067806,1.0509553258450637
0.04445553901797889,0.04445554493678151
-1.2164582084027575,-1.216458215262634
-1.049673858492478,-1.0496738580498235
-1.263806224554377,-1.2638062259408567
-0.2592386918618129,-0.2592386977368311
0.7207333261375154,0.7207333219157459
0.45195863215662907,0.45195862649545465
-0.7942639896715187,-0.7942639871116739
-1.2049799436112592,-1.2049799259926306
0.3056626533424816,0.3056626735186354
0.4756140588706944,0.47561405927542166
0.49273548612114565,0.49273548876965184
-1.2661643887817524,-1.2661643837038834
-0.8218094677367805,-0.8218094677740818
-1.8617105837676948,-1.8617105754395789
0.684596405598184,0.6845964023795701
-0.2749382776757264,-0.27493827069280696
-0.2435147626757933,-0.24351476382101
0.7517738412969723,0.7517738513335033
-0.8369361043681485,-0.8369361065193062
2.03247236605888,2.032472367101902
0.3736914364269993,0.37369143807051824
-1.1395421627626108,-1.1395421543396842
1.127526628073,1.1275266158378772
0.0457881524189855,0.04578815040735746
1.2426608054140296,1.2426608028000057
-0.6831594479874132,-0.6831594431822671
-2.2042288792821307,-2.20422889731576
-0.9220770625520679,-0.9220770751391169
-0.013216611684041943,-0.013216609063890142
-1.2300982029533034,-1.2300982120685984
-0.9768081067606778,-0.9768080872403202
-0.16918845713769645,-0.16918844854309167
-0.1042340140197696,-0.10423401604630343
0.2794314005672853,0.2794314028038128
0.12846478027894825,0.1284647694005955
-1.1659658958253996,-1.1659659036004701
-0.25693715074005585,-0.2569371562701041
0.567009407760981,0.5670094106659627
-0.14013897599885658,-0.1401389813581685
-1.4490800752112454,-1.4490800849804133
1.4488521116040396,1.4488521116040012
1.0428771071693934,1.0428771089558908
-0.5620956883082857,-0.5620956896611532
1.128158943696208,1.1281589486775263
0.5650429933449189,0.5650430063148235
-1.3631105058265975,-1.3631105145244358
-0.8819416351863951,-0.8819416355074114
0.14635935628620497,0.14635936390705206
-0.43557703094882017,-0.4355770176622302
-0.29806854252037046,-0.29806853845739445
-0.8775852394578637,-0.8775852317019553
0.6026658620976678,0.6026658587540235
1.339449406881611,1.3394494005319375
-1.0216243675743328,-1.021624354309832
-0.786788635160841,-0.7867886318358167
-0.6665909759343377,-0.6665909592943231
1.4218080899195216,1.421808074783691
0.34561721944756607,0.34561721233155734
0.9918901910977708,0.9918902011586611
-0.7818773932293597,-0.7818773831598842
0.09199783599955089,0.09199782649820341
-0.8349390855381204,-0.8349390834481624
0.20603944097995966,0.20603944305453034
-1.4515402921206888,-1.4515403078673526
-0.6313202079927009,-0.6313202068421692
0.10205442008186193,0.10205441761636504
1.4386888883480582,1.438688885484109
1.7224523255110225,1.7224523106973766
0.219015287646387,0.21901528373090162
1.3700979919344203,1.370097985554034
-0.7694963434036749,-0.7694963397685065
0.24680238655576783,0.24680238482541558
0.8712564070595815,0.8712564070549286
-0.15750029095938092,-0.1575002921614423
1.8581944099629781,1.8581944043625123
1.3134186600580013,1.313418662362511
-0.36443315481638255,-0.36443315806205834
1.7128487698542332,1.7128487694561685
-0.42930958692158017,-0.4293095903432115
-0.46235682209572715,-0.46235683139116723
0.03822761989937334,0.038227621929958155
2.025988927998985,2.0259889409361826
-0.15916391701756477,-0.15916391927796122
0.08200570310157261,0.0820056997385731
0.24854663986553,0.24854664329221088
-0.34673706188807707,-0.3467370614862744
1.431236604910974,1.431236609454334
0.026399453621771467,0.026399447065784783
1.9146138397496606,1.9146138415505982
0.05498025969539943,0.05498026501944898
-2.3087549779822147,-2.3087549657504627
1.381304961272121,1.3813049682406147
-0.24625099651288504,-0.24625100132769104
-1.1511363225806301,-1.1511363243781343
1.1874255649692784,1.1874255580383148
-1.9485015486152042,-1.9485015325706643
2.0010170954489634,2.0010171149269778
-0.5265916800676712,-0.5265916823289212
0.24579002899809596,0.2457900377806164
-2.1356636959741,-2.1356636866559633
0.10883995685173702,0.1088399574879396
0.866371619754781,0.8663716183341006
-0.4639869154165144,-0.4639869150031679
0.1417297374676542,0.14172974212787998
0.5076503807201351,0.5076503790569341
-0.24031533988901962,-0.24031534328647294
-0.23248749805776667,-0.2324874878949509
-0.09784301569214553,-0.09784300377777393
-0.7425723754126341,-0.7425723753067891
1.0017703467745103,1.001770357445659
0.3836861299282207,0.3836861443588777
-0.6787463111807599,-0.678746308968068
0.3914951183122799,0.3914951309569725
0.7138560994356138,0.7138560979394187
0.3753957393643887,0.37539573917596286
0.3204928312088528,0.3204928296728551
-0.5466818390780263,-0.5466818513595726
0.08002274830049515,0.08002274949361826
-1.489050893880969,-1.4890508882551636
-0.635927963969625,-0.6359279568889584
-0.0199786291088452,-0.01997861755271121
-0.24632197493459213,-0.2463219640001229
0.28316910854942584,0.28316910055852273
1.4151916674403444,1.4151916627785555
0.8263831013910191,0.8263830959876829
-0.9316641239815691,-0.9316641269303954
0.2811379650246453,0.2811379623685975
-0.5334040361103171,-0.5334040332966503
1.4905273274776647,1.4905273229763492
0.5075113225473551,0.5075113333914109
-1.111068287564431,-1.1110682906891283
-0.6802732680505241,-0.6802732776287314
-1.214910101167215,-1.2149101003278648
0.13799009356520336,0.13799009053292552
0.08501491216726138,0.08501490403725212
-1.6205566603830994,-1.6205566705094663
-0.5127163003774677,-0.5127162961612702
-2.16569085701765,-2.165690864033734
-0.6588620574348102,-0.6588620599779924
-0.9074667800418472,-0.9074667882676097
-0.38917226974741553,-0.3891722670267436
-1.8292843542831356,-1.8292843521435511
-1.1872621964246939,-1.187262189834706
-0.48825023974116977,-0.48825024268798745
-1.3733659924787807,-1.3733659902923485
-1.4968676153295986,-1.4968676141331891
0.8100930294810355,0.8100930230641971
1.1978967092472734,1.1978967018586448
-0.08504259677197247,-0.08504259463525987
0.01528731201211032,0.015287323981942123
-2.0179035504968876,-2.017903548628006
-0.43801186158377137,-0.438011863263594
-0.35831119968619984,-0.35831118278586743
-1.0711984754690487,-1.071198482706782
0.08477124235117556,0.08477126113116058
1.1232125545935265,1.123212556647367
-1.4538941827806395,-1.4538941840404485
-0.3291984997541311,-0.32919849221755393
-0.9722336556964706,-0.9722336621914132
0.5143395739273424,0.514339574413558
0.7146250107597553,0.7146250179992144
-0.9735925010550216,-0.9735924970130615
-1.0722758089018247,-1.072275804788735
-0.629204148997355,-0.6292041491691943
-0.1584380654408738,-0.15843805628620491
-0.1782216485629772,-0.17822165049834587
-0.5397367372250508,-0.5397367386264368
-0.7671813426046226,-0.767181337042665
-0.08448992245026268,-0.08448992606434196
-0.03453123852999068,-0.03453124545600122
0.3983975106547046,0.39839751311287114
0.554823699946048,0.5548236994786542
-0.5254859327071894,-0.5254859323638719
0.6183019368650047,0.618301909248196
1.0447361111363882,1.0447361014357992
0.3954694452730799,0.39546944612050616
0.5264023627305942,0.526402350364181
-0.8245793475916454,-0.8245793403300241
1.2965040791054099,1.2965040693892715
-0.7510591070586063,-0.7510591058202105
0.4595990243913487,0.45959903141606995
-0.45698565763232596,-0.4569856608179555
-0.21963894896156136,-0.21963894018271926
0.893419046363623,0.8934190595730261
0.8522534981639702,0.8522534946140528
0.07671471181542333,0.07671471927564617
-0.9811547943732506,-0.9811548062290181
0.2850205706304261,0.2850205688511776
0.5240712877446597,0.5240712873600439
-0.5094850000467844,-0.5094850101390505
-0.1702449538313386,-0.17024494053404193
-0.48888417330601286,-0.48888415810072383
-0.053143871638092095,-0.053143873563909254
0.4477695008897819,0.4477694882116496
-0.6387085792433805,-0.6387085901678611
-0.40304176875182374,-0.4030417666228481
-0.25881186193839184,-0.25881186395189504
-1.1591139484409998,-1.15911395365671
0.9730762203691901,0.9730762229001733
0.6611191183596163,0.6611191175571981
-1.6059883166305693,-1.6059883169046745
2.05710945493861,2.0571094520063666
-1.1751132407848417,-1.1751132351198224
-0.5412501578720982,-0.5412501702458896
-0.7229375996704174,-0.7229376008026649
-1.5139540100878903,-1.5139540052476697
-1.1615936500435433,-1.1615936586505964
0.3132587355207646,0.3132587311282157
0.4225046156077114,0.42250461147809176
-0.9607111752449381,-0.9607111724644158
-0.3147980643658705,-0.3147980634789429
0.8140635283909103,0.8140635198338879
-1.0911978802929836,-1.0911978682800665
-0.407474549148642,-0.4074745550188068
0.0642820741477023,0.0642820792458903
1.2568334784866,1.2568334844039202
-0.5663776133194032,-0.5663776126059658
-0.102601837664904,-0.10260182976360627
-0.31570863485937345,-0.315708636104459
0.0774095169824551,0.07740951976521691
0.8363401666719891,0.8363401632690018
1.7542138263144322,1.7542138170780588
-0.9630675582252382,-0.9630675523778993
0.6952803997069098,0.6952804047344896
2.308030298796426,2.3080303121446057
-0.3122834900175298,-0.31228350081621714
-1.8974392776293818,-1.8974392759570395
-1.4414124704023035,-1.4414124718585868
-0.31239550777185443,-0.31239550140017064
2.483119135424838,2.483119136301855
-0.3632872884815373,-0.3632872860597225
0.9511480095243096,0.9511480005270426
-0.07091659574186737,-0.0709166008283685
-0.5057044965052107,-0.5057044970749841
-0.003795251279619031,-0.0037952595707583556
-1.0188565748828051,-1.0188565810255636
-2.0433743372655813,-2.0433743338330235
-0.3020380430467375,-0.30203804680797575
1.0382068401367968,1.0382068484681508
0.3122926967934141,0.312292698504366
-1.2533782320284919,-1.2533782261180773
0.49337293659048925,0.4933729341290232
1.3418080535991557,1.3418080616390153
-0.1356954671959725,-0.13569545343283146
-0.68681857697093,-0.686818584046804
-0.9908928569820343,-0.9908928666273855
0.9045013683762549,0.9045013799115064
-0.28664526705583027,-0.28664524596688895
0.35762402819164896,0.35762403308119856
-1.302571471391253,-1.3025714729677935
-0.8895227210153058,-0.8895227235537289
3.008943361099667,3.0089433705432063
-0.5768709538403588,-0.5768709541353303
0.020636329950283694,0.020636321919351868
0.5337766319465773,0.5337766464597341
-0.9886626847490805,-0.9886626851551943
-0.31220500521342576,-0.3122050049429938
0.0420708968636454,0.042070901580479096
0.1470166857623992,0.1470166852071012
0.0660104507187171,0.06601046681574924
0.3466134757454923,0.34661348723893043
0.9121331146071244,0.9121331197375661
1.7856481833498232,1.7856481839292424
-0.03106638863296206,-0.031066388820410438
-1.4776842603865168,-1.4776842688902183
-0.4235239704631455,-0.4235239727905248
1.008836843167404,1.0088368460131678
-2.340553142395636,-2.3405531367231953
-0.6113976031160441,-0.6113976081576615
-1.5644498336737407,-1.564449834438469
0.9176638576515038,0.9176638507816098
0.6096557007084221,0.6096557076442386
0.3195973528962951,0.3195973521751548
0.5027285384813469,0.5027285333353536
-1.5988316196762347,-1.5988316229766093
1.1552470539386677,1.1552470555043715
-0.3922992583064543,-0.39229926143133276
1.0765587116323785,1.0765587136748245
-0.9005474747330652,-0.9005474702695296
-0.4272652893871115,-0.4272652886510161
0.4919654553079068,0.4919654585827702
0.4759588699921459,0.4759588636544733
-0.6901949496582351,-0.6901949641437394
1.5367562511749264,1.5367562592802708
-1.4397380961942514,-1.4397380932161596
1.1705834948173324,1.1705835042292514
1.4036579646896,1.403657952234755
1.423522954467056,1.4235229575271258
-1.926000101864327,-1.926000108730494
-1.9694614626185203,-1.96946145529802
0.6295583550905647,0.6295583539182918
-0.521097258471427,-0.5210972639777967
0.14957970175759513,0.14957970565612005
-0.13663286768027055,-0.13663285498194247
0.3991567590825847,0.3991567609384034
0.013317043953334565,0.013317044120920593
-0.41993710439043996,-0.419937106031848
1.641353283421391,1.6413532783170635
0.9987312640034562,0.9987312555376804
-0.21190647861815776,-0.21190646623189646
-0.5644305558682495,-0.5644305480929392
-0.4441070243873121,-0.4441070302475846
0.6443010306590569,0.6443010132424619
-0.6913427219103202,-0.6913427124697205
-0.8631453730605336,-0.8631453583029118
-0.20791252252692669,-0.20791251214412235
0.48793036532891987,0.4879303721261423
0.10538535831797591,0.10538535791983267
-1.3932591727912065,-1.3932591716128946
-0.37439633425006286,-0.37439633999293387
-1.4625716173373455,-1.4625716183869288
1.2329830917634514,1.2329831026895175
0.3541299522556665,0.35412994763285377
-0.08659369191518669,-0.08659368986498578
-0.36306528010067846,-0.3630652830900605
1.2401937905949183,1.2401937825154024
-0.5952605769112848,-0.5952605862257832
0.12906686590799257,0.1290668787803888
0.21658226674049377,0.2165822750855527
0.4676777225041547,0.4676777167966532
-0.7725225293450542,-0.7725225351694409
-0.9999310903175104,-0.999931097682737
-1.9075276558074652,-1.9075276626422126
0.09092853509438098,0.0909285244649339
2.2877663908696957,2.2877663797522594
0.6758757666287956,0.6758757653481503
0.43962112943373893,0.4396211357657576
-0.021551875663317784,-0.02155186371895925
-0.3394242875481808,-0.33942429283474707
-0.2861233360217622,-0.2861233441105368
0.7197046118602022,0.7197046136534441
-0.36564606225221385,-0.3656460590386204
1.8155400139139384,1.8155399995609414
-1.0096493611843589,-1.0096493752702382
-0.18872675128583558,-0.18872675342917597
-1.2472464104363605,-1.2472463893453571
-0.45413210505788415,-0.4541321177215546
0.433694698540445,0.43369470174466634
1.3104979246517752,1.3104979184223318
-1.2165325728096683,-1.2165325732486374
-0.7548226529972635,-0.7548226682448342
-0.9927427975075513,-0.9927427993874778
1.1375753437827243,1.137575354897908
0.27327021276187624,0.27327021798846457
0.5039431031246122,0.5039431065075791
-2.716638558519435,-2.7166385558092236
-0.28362155638626635,-0.2836215546339813
-0.0013237290506248316,-0.0013237252680932748
-0.24269340710686219,-0.2426934137770638
0.0831204482461138,0.08312045135812668
0.05143902943798244,0.051439021808157404
-0.6356192240159894,-0.6356192284996462
-0.5380393313167554,-0.538039336947608
-0.39081632100652175,-0.39081632348566
-1.239547091917651,-1.239547101306949
-0.6122032867723747,-0.6122032921571048
2.0074964679583536,2.0074964763182934
-0.3014314852459802,-0.30143147725745795
0.990707987540424,0.99070798074224
-0.2945441152085908,-0.29454410305477213
0.4623831088954746,0.4623831034998449
0.629349995201873,0.6293499943152088
-0.13900493169180922,-0.13900493343155387
-0.02157972950437775,-0.02157972131025565
1.8760805535243936,1.8760805503460845
1.1459532494120739,1.1459532607116558
1.9491739094996545,1.9491739162556116
-1.0186885350510986,-1.0186885252718583
0.57484118602673,0.5748411833074584
1.2953373301909576,1.2953373413924376
0.12585536433771977,0.1258553532147452
1.3353964595951697,1.3353964552116568
-0.4945512863532388,-0.4945512820506958
-0.3020271664822618,-0.30202716415796554
-0.23876437874744247,-0.23876438682636833
1.3762997618720687,1.3762997508253934
-0.28018776472314894,-0.280187765037361
-0.9163182881263574,-0.9163182936794769
-1.3737883915344717,-1.3737884000469547
0.045298702873570885,0.04529870662402101
-0.4955987409679674,-0.4955987398015791
-0.2925686755058808,-0.29256866917763125
0.30191202670863143,0.30191203814235545
0.4002727465264981,0.4002727500156981
0.41113473810964374,0.4111347461472262
-0.429362945270855,-0.42936295139368913
0.7015091909501134,0.7015091809241004
-0.762490946704817,-0.762490948273972
-0.9044282024745314,-0.9044281981666975
-3.70544807054805,-3.7054480589068013
-0.6760988182508388,-0.6760988254924796
0.4952024645424353,0.4952024661884884
0.86384590313275,0.8638459052324919
0.7753940760829452,0.7753940848824323
-0.7297919071563177,-0.7297919170892638
-0.36795148114934606,-0.36795148238581193
0.08567542333414684,0.0856754182362286
0.8786077932504899,0.8786077734131583
1.328306000828819,1.3283059965651112
-1.9528046587257406,-1.9528046505378995
0.44580733609876527,0.44580733398324207
0.5495737533430467,0.5495737472499379
-0.9436213506039397,-0.9436213526795476
-0.43034752449626296,-0.43034751852576597
1.0349589780692214,1.034958980951202
-0.07464751754287068,-0.07464751538359377
-0.3132515376585154,-0.3132515327855949
1.2231479294850531,1.2231479365615394
0.15066164322310469,0.150661640457524
0.350478819513438,0.35047881187095054
-0.7224129453325996,-0.7224129374152547
0.3056085177339665,0.30560852846830755
1.6525389298301083,1.6525389358578186
0.7717885966644991,0.7717885905308164
1.2045259717155297,1.2045259591555004
-0.5715520278197755,-0.5715520107563969
0.8245843549021982,0.8245843444216888
-1.3129923853872512,-1.3129923696704933
0.6070980755717937,0.6070980780858546
1.5472903346255673,1.547290351202579
-0.9360785810762189,-0.9360785632967381
-0.984671757753294,-0.9846717558791769
0.7225368166231815,0.7225368131230323
1.5996945489375458,1.5996945467248656
0.7052340456315853,0.7052340477283415
-0.3543755505554355,-0.3543755415427855
-1.4340983087342296,-1.4340983117440462
1.705641651290366,1.70564164151532
-1.1090397044802474,-1.1090397031882642
-0.475213571756314,-0.4752135735504666
-0.6203053307863715,-0.6203053356898022
-0.5641916480117871,-0.5641916498436781
-0.8083160049294889,-0.8083160104967373
0.4336568663646587,0.433656864534928
-0.9452737126323875,-0.945273704058745
0.6840735081651934,0.6840735234416601
-2.6745126000930446,-2.6745125968177743
0.11067976134084148,0.11067975974714125
-0.07353163342615301,-0.07353162965896028
-0.8256530900460929,-0.8256530889902894
-0.6534154065544229,-0.6534154068754087
-1.7193239897313157,-1.7193239811136718
0.6727216398198114,0.6727216498508286
1.3668339273594143,1.3668339298303345
1.5331345240668988,1.5331345189377146
-1.0233747127536588,-1.023374713942742
-0.7900164783077717,-0.7900164721351084
-1.194904028631001,-1.194904025319767
0.11226404633963351,0.11226404727878654
1.7205788482617632,1.7205788559328887
-0.7709375598021974,-0.7709375590110094
-0.9622991717401743,-0.9622991589954208
-0.2283780670245638,-0.22837808050062253
0.6717978972756581,0.6717978925400598
0.48499831657017956,0.4849983220354521
0.6022464744534974,0.6022464596964722
-2.332069115043356,-2.3320691124874906
-0.28911212864208624,-0.28911212336608233
-0.35364615091254903,-0.35364614571946035
0.2957748368359687,0.29577484379450397
-0.6927627332025049,-0.692762718978706
0.6687997552177875,0.6687997519567435
1.442780616745986,1.442780620906999
-0.703013338208523,-0.7030133279641324
-0.47126941105378845,-0.47126940165011305
-0.4097452878779476,-0.409745291994543
1.9392124171398646,1.9392124231279613
-0.7351725751919396,-0.7351725618186195
-0.9140297380414275,-0.914029729301084
-2.2175416060034334,-2.2175416057875452
-1.7864259999040337,-1.7864259947569683
-1.1678799438516523,-1.1678799438715477
0.33076856046775605,0.3307685557984639
0.33952865043600416,0.33952863989381354
0.7391898630933911,0.7391898622333583
-0.34434045660437107,-0.3443404556160196
0.1701021545274725,0.17010216226945885
-2.1586638429528144,-2.1586638483794163
0.3640785701165323,0.364078571142182
-1.6984061552876757,-1.698406142938807
0.861339658223656,0.8613396671851982
0.8151663731233397,0.815166376107254
0.1301307452429171,0.1301307475394669
1.1751110289122582,1.175111026434848
-0.17301102495645118,-0.1730110255607228
0.44357006157953655,0.4435700439286379
0.4970986253081326,0.4970986209526274
0.05955629237437649,0.05955630470538822
-1.6525551359988775,-1.652555137502835
-1.3610588990958505,-1.3610589029052191
-0.3594571060068174,-0.35945711205913855
1.043118220813958,1.0431182153718586
-1.091813073860232,-1.0918130726700865
-1.5158630121613965,-1.5158630106668374
-0.9677781147059152,-0.9677781159071506
0.6054799303775168,0.6054799370872681
1.3268150202777798,1.3268150205648597
1.0772658511823794,1.0772658515216504
-0.05733741252148125,-0.0573374058938851
0.5319692059075084,0.5319691900699561
1.3475923733066122,1.347592377273314
0.520353215810579,0.5203532223117208
-1.356472723619328,-1.3564727114660458
-0.900923484582304,-0.9009234785217521
-0.313042912847803,-0.31304291239933923
-0.4142280783451112,-0.4142280828905188
