1.0564321680446243,0.0
-0.5340022370159395,0.685398507454549
-0.43022076154141764,0.9523548067034368
0.9145699605974913,0.16230089856768812
0.5722291118192764,0.8446216555255742
-0.3502046005574336,0.8430787631128783
0.8422151725485519,-0.300101789090154
-0.6710791084843455,-0.5655118925982674
-0.1360706490529149,1.004683660056784
-0.9453233521640034,-0.37287955556397695
0.8816316270162982,-0.5732627054355378
-0.00489144015812353,1.0435613239166186
0.9131403811633961,-0.5508924725028842
0.8679076100286849,-0.47913532590837543
0.16232583720953694,0.8595300890339079
-0.7298739589033899,-0.8798387085586882
-1.1709003180672952,-0.23229578238240417
0.2669670552729979,-0.9227031764409662
-0.6020638750104709,0.787506508973824
1.0358625009621572,-0.14296553518238306
-0.40000574334509004,-0.9817711450549177
-0.47466292860831794,0.7195141005504702
-1.033055124652719,0.009296408021191272
0.49052691333000004,-0.7333921493626331
-0.48529513645096545,1.0277397398042734
-0.9986289736522432,0.1445035978350502
0.7616165993498936,-0.8930641010572259
0.30695076417935946,0.7459977854638343
-0.9747587792079732,0.2527217562725454
-0.6241424305131896,-0.6293941253275158
-0.15579081134345926,0.9864852536158164
1.0580204950064815,0.46882201058883766
0.8277208541404949,-0.47048062288279047
0.0134556385866546,-0.8487780269250175
0.8650965976160092,0.5044610351477488
-0.9402960933025372,-0.42719313571109824
-0.11062615994775044,-1.084090508072577
-0.8648857042010442,0.5443906578148139
-0.8135105043664164,0.3692083706016913
0.276561113464778,-0.9208075526646424
-0.6121925072824052,-0.6477472244863967
-0.9558922307280895,0.1665543808190395
-0.45757941488146947,-0.833813073038248
0.5162716033586002,-0.8501336078556373
0.9663044706241002,-0.015394336734727983
-0.5467951055474575,-0.7312975044115884
0.45488840520555335,-0.9254848143355153
1.162338542413826,0.11754955759342181
0.6665003903795281,-0.7203318530582259
-0.30139413702972595,-0.8582950102562514
-0.9286967521888775,-0.2790114444390398
-0.6744314600739146,0.6056074695529594
0.12246366916464117,0.8658892111790981
-1.0509826932781978,-0.378755537689578
0.8552327592019191,0.6072813702004555
0.02155625937364693,-0.8991757680348428
0.8911209305322745,-0.5039653686828913
-0.9390612644130408,-0.42289550968522505
-0.12983776991908555,0.779923553034951
0.5148008719795926,0.6456623612448574
-1.123172723341115,0.3524171414046886
-0.28642795052641973,-0.9777720294524116
0.5491216633866481,-0.7649483392195013
0.9783395681164199,-0.20642595544146483
0.3529573044065902,-0.9317147160551847
-0.4688819890104411,0.7808172063135749
-1.0461104473798968,-0.022063452602066866
0.46599960015091824,1.0242637884841908
0.4190892913373682,-0.7228643933402986
-0.9427540233861706,0.1242886366619946
-0.5747368837870611,-0.7854086764810237
-0.316639461622144,1.0363909683565269
0.993778094850049,-0.2276969568603039
-0.6747421500217968,-0.8395171282498232
0.16965432065027397,-1.084873776642675
1.0236901493041355,-0.44072576612495074
-0.8819937854936966,0.5318896406534387
0.02875179272822179,1.0740246300331864
0.9785739141912524,0.4921931144938876
-1.0405832345575838,-0.37971879933684183
0.1153511351445488,1.070268482331654
0.8554615153615647,0.5516953979243651
1.0631905086346545,0.31181351199034796
-0.2610140180452792,1.0176548149759699
0.7255924822101666,0.6499398902258378
0.9832026930424304,0.20791520942605005
-0.39905730412671647,0.9565870214087128
0.6081465783376963,0.7865078601739567
-1.0039088817367068,-0.03340956994269185
-0.4684074081095222,-0.8344265249248719
-0.48069751948029127,0.9438293655209199
0.9030937086887139,-0.11434940690709296
0.5438087582587312,0.755178610262261
-0.3009952622519301,-0.8546755254842248
0.8320120202020035,-0.25022103708517573
-0.7567127820116182,-0.6373306470743587
0.19934837188964366,1.0265232352350098
0.9571554477104902,0.38705784391703696
0.8024059425043606,0.6278332778831779
0.04649359238186156,1.0244890829631794
-0.9132687155896883,0.4949475179529572
-0.7831681785001955,0.4491290491154419
-0.08507034134855018,1.2770502925034497
0.7646614046529754,0.6748762244966842
0.9159830002497448,-0.29570353734139077
0.2575029864128516,-0.8643204328435025
0.755068863883555,0.774572070256262
-1.0032008361242255,-0.2077398577281063
-0.39831662558029,0.953898359146801
-0.6072802220149098,-0.8887726528198641
-1.0309326684459157,0.044552930568118314
-0.43625402647533873,0.810652602382143
-0.4906788497143362,-0.9402528402396504
-0.8911695104901131,0.08915094233795669
-0.6625661275293468,-0.7050901534905012
-0.22990557789806554,0.9588427650562872
-0.9761947786677702,0.1817974168184684
0.7952165456775863,0.6686424983717012
0.18657775702394871,-0.8617569498683029
-1.0818375977708534,-0.32210094825485086
-1.0584103560745117,0.4688390363877971
-0.049393892270323744,0.9559891335058481
-0.910465279527083,-0.6179508662002613
-0.8025901269739159,0.47199746070731124
0.0815915715601412,-1.1632633704805886
0.8295676461743442,-0.589351020610859
-1.1090774471370861,0.3719598318118534
0.28548352871053734,-1.0783201219096266
-0.6838988469893371,-0.6849931510605033
0.9947875759428939,0.2017473345724863
-0.34887265722701455,0.9214508632359858
-0.5030827007164896,-0.7076581083626153
-1.0933441801579713,-0.04918386516737053
-0.4775810955811478,0.7633741615784037
0.5262569910683638,0.7903383488134232
-1.1628839633295103,-0.09071323819146973
0.5813413999368515,0.9202317395231524
-0.3400416876206786,-0.941645584303133
-1.0018088985628386,-0.18625702106009345
-0.7055594248364654,0.7847629208222849
-0.22121120195315203,-1.011399445950538
0.8453846854136235,-0.37215249909856213
-0.7711427353380905,-0.5146431580186721
0.06035179587501108,1.0837080086147266
0.9895753714735449,0.5144388462973545
0.9609501522467937,0.46200584870143296
-0.07134717172076759,0.9230014908978776
-0.7788678283123975,-0.5794030059588129
-1.0703830494885136,0.275494920255832
-0.22990686990897796,-1.0602650880415898
0.7194381557153802,0.7578877050923107
-1.0985049849743938,0.2060454989820026
-0.38290093312437995,-0.8733928078968495
-0.6264898542902728,0.7401963759281642
0.7274880090469603,-0.06967554862582631
0.4619637074756607,0.9343322824228929
0.4825861770209909,-0.8529436256272537
0.9389205738339431,0.07637813656457701
-0.5885290039290528,-0.7627248444249499
-0.34032894670837344,-0.8496144699754126
0.8411669263876977,0.2207335303601882
-0.8002152127517103,0.7935252412244287
-0.2270352057686514,-0.9400631520729643
-0.9200855895515038,-0.3411822354565788
0.7909794806698192,0.5640541032785465
-0.06344078760109569,1.0198433955740613
0.9180283204599168,-0.4606988636665541
0.8678863603135379,0.5519787429005332
-0.08676724432433061,1.0737086372443532
0.6862109363295118,-0.6752951832552262
0.9828467456255554,0.3746121365871549
-0.21628636480174848,-0.8978066167873406
-0.6845523796817718,-0.8122195313805648
-1.0251989476652277,0.17073397087702766
-0.3520266713302696,0.7958471844275695
0.44748966117346284,-0.7052065149300524
-1.0618149210629306,-0.07767429256061971
0.4617429108032043,-0.7484349526378646
-0.48790151805187504,-0.8590697553121577
-1.199934888902518,0.060113697774313406
-0.5345146164927225,0.7633236424927116
0.3523539316314201,0.9559800555622995
0.9989305879106257,0.22728370663353573
-0.6491637255683271,0.7755823101232058
0.2178522344315542,1.070882105400894
-1.0131806482370092,0.3078040897473772
-0.8091987543340787,0.5970477935110908
0.07470891892612841,1.085343781854624
0.8995109705687897,-0.43325769323685187
0.7640338660216326,-0.516905205595948
-0.06445150409582363,-1.0750948247731993
-0.783620899645627,-0.5558903901266641
-0.9286702431346858,0.39026023670311605
0.19397834753314638,0.8532685946256973
0.6260574106348334,-0.7829181664362873
1.0411283791215293,0.1952513310589193
-0.36663626098300983,-0.9251818917322552
-0.5336838988520585,0.6946421794910246
-1.1446377067915392,-0.06886665783489754
-0.4572388280362619,0.8971425312023923
0.41956549249045183,-0.7716796057529046
-0.9726042141830654,0.06376853767661628
0.6253081202704386,-0.8280120898233093
-0.39535879088030434,-0.831158422951588
-0.8223632343532243,0.19818862411967464
0.7188131906865406,-0.7176526955614259
-0.21728514270450172,0.9097123147850258
1.011537585253588,0.35947752231319346
-0.8926910778490894,-0.5543482658445915
-0.08634234778707767,1.125025829613426
-0.8369493395226979,0.4898692841451807
-0.9058444539593828,-0.5262418904489007
0.05490430092530734,-0.9954323106098832
0.7806031724135287,0.5258673804021529
-0.994990333006332,0.40186038406945235
-0.16494810690694273,0.8750508143441714
0.7518592975965266,0.7742164735186974
0.9847129648924794,-0.25334917928257783
-0.3129891647218477,0.9958959971251136
-0.5466000198849109,-0.8008721708079906
1.2921334794523534,-0.09092207644886532
0.4786508313150942,-0.9620070038494409
-0.455649066061044,-0.9943282997862571
0.8533403467675678,0.052853548351562064
-0.591461862947032,0.6993202005229473
-0.3583415236149039,-1.0124232776879576
1.0431995157005787,-0.19508411471601148
-0.707140668828406,-0.8200602284858338
-0.17090953213488544,1.005301989143885
-0.8325187647906226,-0.3240231019606583
0.6685672295953755,0.6334732904758734
0.0900568826345078,0.8499245675741296
-0.8085038592110628,-0.508765546232381
-0.8292000803918769,0.4562772074038587
0.04455444767617112,0.9341438911516802
-0.8104365356682812,-0.6648930775145926
0.948226727942323,0.24528516816069748
-0.15986897277878626,-1.0351286030937321
0.793499172534279,0.6334229890417616
0.9288745092284791,-0.24888800668667452
-0.3631386590946841,1.1018375800140694
-0.566714683485755,-0.7733559628009875
-1.0417396553159963,-0.10653864845118334
0.5147275231757369,0.8594123530380132
-0.5057787853340232,-0.8758935253339651
-0.7573100812362125,0.043735623756260715
-0.5854840437832923,0.8688795471745961
0.34169179560537827,0.9120922126901804
-1.0789229146303223,-0.19241107108910802
-0.6693132639538288,0.8323642392831977
-0.24353220213195084,-1.0136593664428362
1.0224989901882395,0.33764215792456664
-0.8039218370215845,-0.6413287412238782
0.0950446792826249,-0.9759039176359916
0.95981070037993,0.4501260337110677
-0.8425784428305523,-0.5028682922456623
0.042605847168429446,1.0374145056006165
0.7307651660111166,-0.598463344188914
-0.913514159652316,-0.4259295063539321
-0.21319021230635696,-1.115158133265414
-0.6985362334527297,0.5977791227249466
0.8681339667222843,0.22501141633623073
-0.22010194800211505,0.8760559154595409
-0.5639664472422711,0.7849688486189087
-0.938102732518998,0.10953228523856702
0.4242661359739011,-0.958323900885563
-0.486875181408645,-0.7376485252702639
-1.1305203448751244,0.038319193970208665
0.6022291220448653,0.823030809435771
-0.43311590274413336,-0.9671314942856408
-0.8902416178354466,0.18508318133222543
-0.6681834752362525,0.8104199977736433
0.20755306501100576,0.7645326851083236
-0.8675894864833594,-0.3193531458769334
-0.767092907520043,0.56791147295211
0.11392012894134643,1.1456472490153293
1.019743587432748,0.2988671583450747
0.971892081011925,-0.4683445730661537
0.03311041809270327,-1.0310644647061866
-0.6754979990479387,-0.5038970632938958
0.9508142173091098,-0.4047512399835379
0.178989777371438,1.0172915306398442
0.8755017151614874,0.5923789499418464
1.0345905504736972,-0.2997553604367904
0.3138631291149765,1.0195013223323348
-0.64212190325078,-0.647576438353144
-1.0470582177459604,-0.10725672522292765
-0.39026255000369087,0.7333654154878373
-0.5560117269142397,-0.7115859772411904
-0.9720568450763286,0.02614822551691789
0.6009283700064354,-0.8717965901345203
0.43105274670986177,-1.0323749631145642
-0.9508748227659611,0.1678429633669402
-0.6197754405805912,0.6679139221046514
-0.2536619776178664,0.886940773710391
0.7570048264824781,-0.3896916848815575
0.7828879196677632,0.6687717077516938
0.1125028458380114,-1.0225831918165558
0.8551084892864088,0.4439959238514379
-0.8792813050569839,0.5854393822992018
-0.021609752061969016,1.2003064945156823
0.9342865517120352,-0.4977182159221344
0.8586004982708106,0.40744193684373825
0.17023240639593862,0.8185820082629793
-0.6734409368806737,-0.6335946497034647
0.9051969422570542,-0.23423123307122468
0.2578974313951975,0.9539991785369258
0.6051175626386871,-0.7839759499410808
1.180220840316443,0.11628624624348995
0.45480676434081485,0.8985489268439695
-0.5467584094914686,0.8193912539300968
1.0246912973769498,0.020902991637513847
0.5786484653589502,-0.7687124337994174
-0.395404087934086,0.9179830563716116
1.0855993167012694,-0.1602636774589625
0.6200145697455569,0.7371649232717326
0.29269202275545153,0.8818788672961198
0.8071748871666853,0.33973156405910815
-0.6015826051873203,0.7300178582321006
0.1237835711996109,-0.969573821856371
0.7918421205394864,0.3646506807094125
-0.7192270664554826,0.505170470377566
-0.011760896933103785,-0.9951374061517729
0.823806914876068,0.521549936259694
-0.8687558616712671,0.39267564259542065
-0.1597799458673968,0.8950618669612906
-0.6943969715709866,0.5475535228170942
1.0507707960187074,0.25833372896791373
0.28266043813133646,-0.8228001272736575
0.6318032919679112,0.697584498155585
-1.0781702431125382,0.138869348507247
0.36944613502452445,-0.9123871911869521
-0.5516933293091116,0.8254251560238959
0.9034718384485809,0.008272923598462583
0.46722982878771346,-0.7323090466758732
-0.3622410580441432,1.0184616477851893
-0.8999657258214049,0.1370654116693786
-0.6966699598504864,-0.5840821698678046
-0.27962085487853067,-1.0198045460161003
-0.7526083148325106,0.2802424128884571
-0.593739965125719,0.5879413757594943
-0.13817033659264233,-0.920748345599511
-0.885061973290643,0.49266984983107126
-0.9193267050936019,-0.5441914727887115
-0.004853925693026492,-0.908052513678248
-0.8448968346652929,-0.5321939972285329
-1.007588496151368,-0.4333500599324521
0.15631381420673807,0.8240699788196293
-0.6710368562648176,-0.6929446053850444
0.9225543428466645,-0.2990296728227502
0.26318373958336067,1.038303270793216
-0.625065105967969,-0.7216648885254046
0.8947153150698948,0.14301425889243255
0.4026989591178946,0.6583303029752112
0.4824673477119143,0.8963476815290442
1.049452648271478,2.7616296007095172e-05
-0.5822834454619781,-0.9498806187727785
-0.4399459026432275,-0.9849444722193758
1.0157339293389958,-0.1210210037827682
0.6075607717425909,-0.8052745515475606
0.26099412027245417,0.9183626673636204
0.8873256848155336,0.3248289743584634
0.804361035838929,0.6728245282404064
-0.13640659925917628,1.0867958819436245
-1.0982970020695497,-0.3503539041222812
0.7676952285893986,0.38037167109161785
-0.004815513503308535,0.8916441025579465
-0.7100545670838975,0.5032692724113556
0.6631064833715633,-0.3441813035892785
-0.14891755617511265,-1.0375311111692267
-0.7593603799196751,0.6792514710616494
0.9166351069175658,0.2854820197051769
0.2793013614474645,-1.14947475237492
0.6807872001623163,-0.8317326595694946
-0.900101047018284,0.14576480596890365
0.4982625989948215,-0.9832858097313413
-0.5766875433522303,0.8049060905908035
1.2149041570498753,-0.008548313101785386
-0.5223626764803082,0.8745921451384203
-0.4172865698220064,-0.9294498371776108
1.00069943029754,0.10713500888330957
0.6774407535647549,0.7324099713102844
0.29253080176914287,-0.9430111435481697
0.8435231548980573,0.2514402508033778
0.6945400885938909,0.6285669521085603
-0.1424882959289093,0.8482813790678909
0.9819194929624886,0.4258030976432474
0.8175386957076102,-0.6134747909862754
0.015303158596489985,-1.1084287133921835
-0.8023494925489558,-0.5511594058715011
0.8934393692351108,-0.4068248425160622
0.15369947530083286,0.8542433526770609
0.7039722442091613,0.6455793472425707
-1.0053978630983502,-0.33009555597265805
0.2707341156683928,-1.0026779496467975
-0.7307967034201835,-0.6429081752397351
1.008917141586975,0.15532102101236833
-0.4293704422101792,-0.9505109740736162
0.5172356696227991,0.727460304148845
1.0404321653726227,0.015941413620171485
-0.4882091687260298,-0.95722021196552
-0.4950317650006259,0.9091129582997073
-1.1148692856721518,-0.14111543224267414
0.6682007566823978,0.7798908756605976
-0.23656602007369867,0.9785421988828847
0.9902576368352837,0.3232878327927151
-0.70380188202674,0.6880769717984349
0.16067743988854782,-1.0426198335143366
1.0345675596342032,-0.2755017373403349
0.7931682370727661,-0.5690901594078807
-0.02164925648523326,-0.9592706381302429
-0.8843282936701221,-0.6034901559849369
0.9734706620053352,0.419910118603939
0.11872453087595723,-0.9842146712176716
-0.6755465572470231,0.704521491617228
1.0037955181563798,0.27457449212916163
-0.2551024776111325,-1.1090105394101186
0.7293339220470767,-0.7441146324621298
1.0422834577517754,-0.1478793957739314
-0.32780459907413,-1.0717986995470283
-0.556976113778091,0.7999308969622474
1.0020286878554239,-0.027110715169238016
-0.531148624618275,-0.8252739720010985
-0.3956505317252936,-0.973769390134992
0.8893267856879093,-0.11602082491379624
-0.6598269549530169,0.7692354597387853
0.29731936695315164,-1.1026090256916579
0.9877704818948145,0.27616711047314757
0.7958107145548358,0.7340462574248887
0.15550526827471203,-1.0910204965483743
0.8733847634778957,0.40858897876289846
0.6845548405236704,-0.6393609086104909
0.03060614188086892,1.0183046558689324
-0.912889095616253,-0.5470686329031279
0.8644697304677179,-0.5459173039297874
-0.12026665002104969,-0.8670596597528885
-0.8371861044565146,-0.5993712177460356
0.869565134474114,0.2991148682609909
-0.23614798199828121,1.0641983465299405
0.6847537563928171,-0.7306999615111096
-0.9032170093807329,0.16234293741634767
0.396455003184199,-1.1918020355634291
-0.6005113944650331,-0.8979160616527359
-0.9496645838867085,-0.0331431327492889
-0.5388812578428144,0.9671109905390217
0.4568564989271315,0.6727168311180103
1.1736543760715081,0.10637665103911915
0.6180151741767794,-0.9696163535079874
-0.2829023465237474,-0.9209959051051763
-0.8972285779492174,0.26001930603142215
-0.6410024721680669,0.7556062626740256
0.22488927633163486,0.9648508859282243
-1.0141004272801104,0.3196852019839428
-0.7932993196251611,0.5040081983707233
0.03860336616959079,1.0723793246765716
0.8479368674958621,-0.6129843016444254
0.9009684969090147,0.46235783759609517
0.10635288447757907,0.9542288644211111
0.7140321813737397,0.7132281151971459
-0.9911338729723865,-0.3324666826738526
0.22887605846272802,0.8174098493930767
0.5413707535891727,0.851502439000148
1.0058569484963307,0.18555853508440628
0.39042808219315084,0.9267286418894506
0.5548956748730713,-0.8216686337317993
-1.0428177400974186,-0.04750071362436551
-0.5053644162106187,0.8863887479041613
0.45007598423168427,0.9958740997418383
-1.0805921512142933,-0.10399284821315094
-0.6065600049358271,-0.8130125711374745
0.3055091050501494,-0.9764438422467183
-0.9319931390696868,-0.22329786774029306
0.7877044456535933,-0.6020877871798093
-0.15341162438651854,0.8074867881746369
-0.8872177551956593,-0.4126256549175535
-0.7776444350960282,-0.5218848715768719
-0.051512970324394794,-1.017332346432818
0.8010492986249782,0.5351919358682224
0.8989356602049527,0.3419695401120408
0.10932518381522473,0.9164451819472609
0.9259059677909725,0.6222646085545039
0.9921342568066654,0.33646859854702094
-0.2408876051763719,-0.9656865703443416
-0.639779836313448,0.7635021233455018
-0.8945088173120602,-0.19526454928633272
0.38344659745122556,-1.060629935416773
-0.5555797031151837,0.7716934286618166
-0.823468175043704,-0.05132166676245586
-0.49943313168455505,-0.8456954847148316
-0.47463733641142325,-0.9626298307053117
-0.9502133854745793,0.06519265290677131
0.6054506336604297,0.7307986477409653
-0.22961469589794864,-0.9149755800559473
-0.972610584724124,0.2317753361320558
-0.6013398499517051,0.7143457290803774
-0.21164804144980928,0.7190733601110572
0.883766159746088,0.38830409421752615
-0.7778090817383215,-0.5379368677565
0.052609125072389754,0.9421735320649741
0.9224430751608094,0.5676827088405019
0.893912659265351,0.5794456795966794
-0.07744989755655249,0.9856222766004809
0.6956302850463505,0.6085196146308993
0.9425990749149257,0.373960839101517
-0.2201256712514951,0.9180218339132434
-0.7163629686903991,-0.7523724899827918
0.8816663007439324,0.20547486969203607
-0.35351701334630675,-1.0170732593557905
0.6765185628605055,-0.7789869391575036
1.102654787027739,-0.06851613496855044
0.5592068221717292,-0.9287153619239106
0.5361793520929751,-0.9039333551654574
1.1625461269280035,-0.07979509911713291
0.6886622022371038,0.907732258976698
-0.309522091560088,0.9383672419082997
1.0144377228020205,-0.18336332147653922
-0.5940308536182055,0.7575828364872648
-0.1710871254833016,1.1781396808102984
0.9832187455965696,0.3492084895623641
0.8106673549542943,0.6226806891738961
0.06102015619689327,-0.8389356382077741
0.8249016437242903,-0.4943377976395727
0.8389391911171519,-0.5273911138976889
0.07887311845132682,-1.064609448102598
-0.7974959317659,-0.6432387929605823
0.9174229495708996,-0.35447865082907065
-0.22533563357122294,-0.9921363362494167
-0.8148293238543087,0.6970874771498454
0.9542072565657472,0.18824294618239323
0.30235207454674784,-1.0112307709460049
-0.5870751311930335,0.7867360947005615
-1.2160282186636315,-0.07178192363296022
-0.4271445138212692,0.9501995508686516
-0.4742240886887397,-0.8742205502592121
0.9419177065058972,0.07026603617867007
-0.6476686995100338,0.76179184347511
0.3932112159077088,0.9862999668835163
-0.9142806440212304,0.2641530949327587
0.5872899316108836,0.8051603741349702
0.2033681335606198,-0.9676622330342327
0.8152398000385569,-0.3415268167600554
0.7863830508539892,0.4962241426338387
0.08098721516960877,-1.199375601325085
-0.7371915789544071,0.4469789306262651
0.7389779372859526,-0.4836822319945575
-0.07169474696821222,-0.9772284906952108
0.8736240780159343,0.5529486743572268
0.9589751579703566,0.3227055310982334
0.2189305876657132,-0.9888907779316302
-0.7245343169545755,0.6401138817955889
0.8494232587167114,-0.22663709094819282
-0.29637516320519003,-0.8901876564022958
0.655976037843055,0.8627294490435642
1.101172106411944,0.07820278972816513
0.4471217208856492,0.9615486236698582
0.5024353997831227,0.7923224208484557
0.9948177732351238,-0.05829923508085463
-0.49043820817217987,0.7891567493519187
0.3357941961984289,1.0107973848125578
0.9904969632241679,0.20466431669429755
0.6667734827827502,0.6839120258409992
-0.2243890147412819,0.9832232722107038
0.9320093481258432,0.413013568654773
0.5868930766238128,-0.5967881271617806
0.08999332167734127,0.9688482794142153
-0.7926584990107017,-0.4271984632479033
0.8990652932111767,0.5724177340111918
-0.06124375886581492,1.1011929260360769
-0.8171979809119735,-0.6044363542471266
-0.8987580123206078,-0.36887753567750337
0.23230108424734436,-1.0132796957755883
-0.6796894803414365,0.7385960748015209
-0.9282668460929824,0.2489660437251838
-0.32702995957796116,-0.7964626979713322
-0.6308357504271564,-0.7690360625838708
-0.9496978480943723,-0.08984239574945228
0.5159880514325597,0.9898906625123616
0.5137732871086159,-0.8679939801085688
-0.9755995786482109,0.053315648623773505
-0.4857788084369283,0.8141394363678642
-0.4366418195357951,-0.9332397269397543
0.8948672316393189,0.19299554613041434
0.7617375631049457,0.613786128875034
-0.21639008749703503,0.9097059859474242
0.8395756040350829,-0.3447085195673886
-0.9823578757694955,-0.6453127783619819
-0.08256553660158879,0.9489913033844526
1.0051684758798853,0.5357502109696527
1.0045586776396978,0.49396172422462964
-0.04395102212113329,-0.9739047466822456
0.5990745109723182,0.5658308561018088
-0.904064828466651,0.3579080643100037
0.1600045936344645,0.8530287510801181
0.5879587585025504,0.7755987216009231
0.9041532607585167,0.21067919217187545
-0.2974573028156277,-1.1208032395878114
0.5973828615194317,-0.6976289703486863
0.8932489107160625,-0.08769994924632338
-0.45419999000369565,0.9369000605909279
0.5059380799469245,0.9310454175782824
0.9914632705405025,0.04102765198068979
-0.6442619551824829,-0.763578949729101
0.3899348494310873,0.829305899840207
-1.1413644494218131,-0.17497875007005328
-0.8072609724175608,-0.6891014947191202
0.19843365589956438,-1.14215976552502
0.881206745584523,0.2699971080114688
0.7290630313543239,0.7279629159230947
0.11729091405804576,-0.9260813140826364
0.9630632387279546,0.5376378024220831
0.7257233853225392,-0.44888207089606597
0.04407141922015337,1.007516317646689
0.6961743649802686,-0.6886894490841011
0.975400791065482,-0.43773907017971825
0.16238834260027632,1.0204542250158755
-0.7806082170397926,-0.6636787020860654
-0.9136114811554318,-0.26568593951875685
0.3230984217391594,-0.9056389478027211
0.6003636521866358,-0.8133715662001928
-1.0165789310957296,0.11711436635751878
0.43365673776043684,0.9109749804950219
0.5695050149577858,0.7841887088882076
-1.039454868331324,0.03619731779058289
0.4376818431215034,-0.7833289391628211
-0.4359044423729539,-0.9127036468861632
-0.9009112892664822,-0.16719087431795882
0.6623832923936007,0.7348033988613959
0.2751440444819022,1.0341024762766424
1.0113180113120102,-0.33540181243905454
0.8703698985742003,-0.5056172655001623
-0.10625341687468959,-1.152652566453977
-0.9688736788387292,-0.3665771695998141
-0.8885789465611271,-0.5295531104224711
-0.02706027946934203,-0.9257520308776306
0.7930965112616634,-0.55485722769942
-0.7380006173558967,-0.3165819381127191
0.20467062949184753,0.9252792881244002
0.6438512388888037,-0.7487914728561157
-1.158349698682258,0.26897682536306666
-0.34244086033098303,-0.9833726063415548
-0.570103665726389,0.7635979674036587
-1.0200817130078113,0.09901891729191192
0.4838025833021547,0.8746541221268532
0.5098045870583262,0.9131693782239039
1.0529462043557871,-0.02343495661954465
0.5170883062937426,0.7174251676866014
-0.4402042476980493,-0.809712447007461
-1.0385434971280274,-0.1663104297150626
-0.7138299856129814,-0.607480866695845
0.2959691372651752,-1.0740381034866404
0.8723473009417362,0.30081716337190956
-0.6673955598490058,-0.6490368877899949
-0.10686487739055801,0.9513855929059277
0.8053652208773584,0.41967445894099964
0.8663552822684472,-0.5025819652340381
-0.021050408148565916,1.053534251988113
0.9247666434342819,-0.4803412693777082
-0.792279601722535,-0.3658673925123753
0.15760886817026581,0.9754013274275316
-0.6891792517388686,0.618490416318655
1.0307665698603288,-0.2838129387786145
-0.23889205803678687,0.8758356928036279
-0.6346227594684192,0.7190847740191607
-0.9324785428931235,0.12780826453866162
0.4570365478721174,0.9606735015878721
-0.3874917118633015,0.6269829568488188
-0.8575420465989574,-0.013655872624096963
-0.5315974813497304,0.5576754449806604
0.41641063253158045,0.8560727562296564
1.019923655965152,-0.17123835233683735
-0.5582546907996513,0.8211293130185875
-0.2090503463249972,1.0597851928481108
0.9928533327907164,-0.31192361815541303
0.7262331026111678,0.6676248263722186
-0.09963461955430018,0.9280072285434028
0.8872347738424814,0.5235087607387262
0.6497171414043523,0.5534888354256086
-0.014000596898024152,0.865943275047889
0.7965646967010366,0.6309011816468756
-0.9228438724921268,0.40768702843421545
-0.1795360676639916,1.0105372493289209
-0.8380608515752794,-0.6600869478173176
-1.0834671011734365,0.29945108894861516
0.2949023191575732,-0.9734505726994311
-0.6343490759181155,0.7761588640582235
-1.08162208324939,0.15077466039351908
0.424022028942815,0.6434348636254884
-0.4776490839977011,-0.8319027989192852
0.9925238472847959,-0.010620117173383337
-0.6115577612723524,-0.8477971307578698
-0.44397072201530796,-1.002269220986015
0.9968099442652886,0.12475893355086791
-0.6355634346813073,-0.6882868048293006
0.2860515264018352,0.9840870289972524
-0.9648019703944729,-0.29889528296679224
-0.6917793251540911,0.6594496906355488
0.12271179512910024,-0.9343234083780542
0.9557739174164643,-0.4884886853384395
-0.9060935699945961,0.5987828788013365
0.004698986725003654,1.0032137472980343
0.8845036901263759,0.5921972805440574
1.0630788314629835,-0.3866958106968908
0.1404386955526043,-1.0080608216573221
0.7578453443695875,-0.670872298750052
0.7840567450352773,0.2775506197792336
0.2526114006083443,-0.8771660803043069
0.5982317300693114,0.8448456057687435
0.8970251044763549,0.13737933466220234
0.3538529844311717,0.9099573620560698
0.5057702395510137,0.7183480964705844
0.9458502277068508,-6.24634366803325e-05
0.5850186143321313,-0.8628994009865663
-0.4745642003968452,0.8958333970014972
1.1531193087443465,0.16137957810962103
0.5347907631582867,-0.8168834129287218
-0.2638720535859746,0.878284463376618
-1.0072698219801604,-0.2933909847060468
-0.739943560991673,0.6880326587913068
0.1370716365137665,0.9335861720577698
-0.8661896509135002,0.39322916586440987
0.8753447652797949,-0.6072121928032586
0.004418582335757644,1.0980914347836095
-0.9255808961628275,0.5221164513890668
-0.9089108488810064,0.4593200837756933
0.16471399695976296,-0.9369542389012696
0.856553920227003,-0.6865843687916594
0.6725675117542832,0.2528408498904769
0.23781625399251702,0.8741761201809213
-0.7551459872769312,-0.7932172352821332
0.9642120665994027,-0.1417577970364625
0.39465694061584283,0.9982350491453275
-0.5798861550194578,-0.9027011908083215
-1.0364225243703846,0.009463190753784649
-0.5010533543447758,-0.8786168113387304
0.41351626165314614,0.9966483456676337
0.8214670355241733,0.13887498115209373
0.7053202634473983,0.6424912230758886
0.2805559102756625,-1.239330182340861
0.9711527027737478,0.2510926678620823
0.5920575740684987,-0.6157795412661524
-0.142017494561783,-1.0315238264604871
0.8335278285581518,0.41854394585642807
0.9053660272417261,0.4458708893878879
-0.01390432008767178,0.959037787265772
0.8974059848689071,-0.5269072460370048
-0.8217206166862342,-0.3822207445168304
0.13205582645137182,-1.0580073982472868
-0.8763492545986608,-0.5908440806604139
-1.0562457277941624,0.32120504735991867
0.243830359970311,0.8239838473542158
0.654825318729746,0.645345052636123
1.0297707571344523,0.147988291949072
-0.40640519365659217,-0.9031973034531173
0.4519265420555687,0.794345924078179
1.0543429147543093,-0.017745340142066152
-0.5111813946023539,0.8972875565940213
0.398708910204846,-0.8608000318151112
1.119436797624062,0.14512582873892632
0.6222814317767885,-0.8017762607025101
-0.25988090660077984,0.9681040208170992
-0.890383319465819,0.29281072528644875
-0.6760789580386941,0.6304133828832276
0.13367394599197668,-1.1146675783562212
0.8764066754013845,0.4140115253267785
0.8803016046198548,-0.648797190529619
-0.02757648096380314,1.0375001058419513
0.9782173559598075,0.6159255166935578
0.9547128666221065,-0.5019353210166273
-0.1328918856678392,0.94209658795421
0.8035232871041882,-0.7194524565519481
-0.9884168946156405,0.27923997475788426
0.23892988961636452,0.8830938675133588
0.6728722245455739,0.7128793408056797
1.2222727102951618,-0.16700851536572522
-0.43123812640516457,1.0462598767233904
-0.5169404629346429,-0.774027432814356
-1.0016007163829963,0.02826972672151314
0.5663103995952794,0.8115161322750875
0.43269451362224637,0.9579784968334643
-1.0168211007452965,0.13396244079009936
0.6899549295192235,0.7466577925038619
-0.2720410829325165,-0.9796588508726425
-0.9666708272078521,-0.22673748954714232
0.6702860884787402,-0.7947283178930669
-0.13662102639334325,0.9354995904854394
0.9318774535078989,-0.41799162785035393
0.8231692837445324,-0.6337447510795449
0.03204356992122981,-1.0418677631648343
-0.911139139337441,-0.515007774620599
-0.98870930522001,0.4741213254753751
0.12705078953793691,-1.0582150193563904
0.7853437060581288,0.6902689819789967
-0.9541575407617786,0.27597550214827965
0.26949429599268165,0.8447152589181941
-0.7407452859944696,0.7005097601514118
1.0770694820070796,0.17509570880140027
-0.3607442604656278,-0.8709771609453781
0.5369424895954573,0.8050657635063481
1.1548357414441786,0.0361816498399492
-0.5452808551747167,0.755640445933951
-0.4199360835965801,-0.9387711850573823
1.1924885202697508,-0.11644022159994534
0.5959402753641645,-0.8401609735722452
0.30723563504034274,-0.9242465736135073
0.955639510922401,0.22984399418359022
-0.7122152575349917,-0.7919284042303121
0.20415210116912688,0.8999758434990192
-0.9518386345454354,0.3957359589322075
-0.9085863898988435,-0.46295893884934475
-0.0414008101320585,-0.9456904978039046
-0.88047220889433,-0.42273639744707187
-0.8656048514802913,0.43338160249578656
-0.1007126501517472,1.005358066067655
-0.7172248800792612,0.6270721356391097
0.973971521342224,-0.2643324762239502
0.23988745909706546,-0.8002036510377805
-0.7730901103751213,0.6262803575240832
1.1155884659740836,-0.19124915753159769
-0.37062193845923164,-0.9088404532231794
0.5566024128473486,0.8487734043617222
-1.1101191362659957,0.03930360728728968
-0.5367625260594205,0.9068531422784042
0.4714958992638149,-0.8833789562630187
0.964113331471071,-0.09452937130390511
0.5562719414043272,0.7901065415776358
0.3515845221667012,-0.9377644752884027
1.1025008803446381,-0.26838140995807136
0.7515549025585829,-0.6629082902918999
-0.19168969513324255,-0.9916218785744529
-1.031333649410245,0.3942570954732405
-0.8237688584372082,-0.5755825832886615
-0.05088462739957395,1.173434295208799
-0.8069225735984569,-0.44613618206430034
-0.875466053227066,0.49333457637945693
-0.08205334367120944,-1.0369525674899285
0.7936610729690284,-0.5997354163937881
-0.9838935468952305,0.3804181306084726
-0.22569723076969536,-1.034383148473806
-0.7255004095202636,-0.832507858695168
-1.0477631880431406,-0.18816459119661158
0.31079611611211816,0.8939258213127488
0.6330181722519361,-0.9686430582950016
-1.2744815939859895,0.0519388823633097
-0.5367934577940696,-0.8765696465878386
-0.47797132613862137,1.0943047958236054
0.9907587808199126,0.10061958414215734
-0.6707811501045376,0.7773518421869359
-0.30279132686112037,-0.8660267481279598
0.8343880721479703,-0.21567477347005407
0.602374312291139,-0.648426533331189
-0.216099063245332,-0.9894078174194021
0.879655391698727,-0.35925075532425366
0.7481163906243203,-0.6076851105598616
0.06811121120538963,-1.1065066141140896
0.986846748459544,0.5074046464194635
0.9080218904575521,0.4734128488846474
-0.08410735207029456,-0.8687639079935162
0.8339374290515088,-0.5043260985303201
1.0358381775277024,-0.36373161713340063
-0.2135309109928628,-0.814959279433058
-0.6349148530535477,-0.6894038602544653
-0.9780290710440667,-0.19745335563679323
0.4270862448878183,0.7270651828925936
0.6172677430783902,0.8532968128283597
0.7700397968760161,0.06317095870495955
0.43735118403094564,0.7892879780547101
-0.5161568331764231,-0.9285391913276788
1.0113992174149047,0.07355830611000753
0.6232170909503002,-0.710682589515166
-0.37331574460790384,0.7014922101356222
-0.928098054792038,-0.23620414310642446
-0.7112876435482353,0.6850591056823903
-0.23028646579730935,1.0365107604575234
-0.8591062686607647,-0.32024475168144967
0.7980748239152169,-0.5419383746480461
0.06955861127200316,-1.012453380844984
-0.8578464004478441,-0.4920455958717574
-0.960979403088921,-0.5132196667117944
0.0645084121588413,0.9911887228012424
-0.7035920558297338,0.5405613218472826
1.1278382294796867,-0.28988079351881507
-0.22106260928985091,1.01852356222285
0.7201131527056133,0.6621567734425023
1.1272325383504538,0.21683839188972642
-0.3461295600605112,-0.9138159737467237
0.5687976731970336,0.8713774921826544
-1.0519181344213309,0.0797988090389135
0.4378383081883086,-0.7952283928437379
-0.48350632177255437,1.1960745514947273
-1.004147940978045,-0.0789021993052694
-0.6083713224188216,0.7685141447908845
0.346749889195398,0.8281419630777668
-0.8095804608505389,-0.1726641773182527
0.7716287741279316,0.680176439464305
-0.22605656263342633,-0.9227192975732307
0.9734409441633984,0.310762803344441
-0.8019317175237585,-0.6702881638758464
0.07082444633683188,0.984994531496841
0.6612383270895567,0.5664191535623662
-0.8356782777791457,0.4817706095692918
0.06974222797627298,1.039146160563598
-0.7335925856859201,-0.533362148941951
-1.004370076636432,-0.3871504097443319
-0.2197013661360558,0.8464757023899451
0.8044914962259284,-0.7088723003467038
-0.9508594177834292,0.23446792661568605
-0.3270851171043136,-1.0193319620016397
0.644887954866774,-0.8544816864321156
0.9060894932373008,0.08003578497867302
0.5505478997480656,-0.9045740015687728
0.4987123149799429,0.9773144344417664
-0.9810434545638581,0.0606420816447046
-0.5618300771779802,0.8538550944169216
0.36283097998193575,0.9086097565364178
0.9460532326061468,0.19908659107350798
0.6765999620205151,-0.7857241005978626
-0.23278650329481734,0.8947148573548673
0.8755480636183849,-0.34979644375797325
-0.7882718831109354,0.6046364751548463
0.0846470976321071,-0.9743043361026557
0.8392224189109467,-0.4918834489762535
-0.8764163518998948,0.4916594672489312
-0.06474645621930797,-0.8712281764157422
0.7547700350866754,0.5053797071625341
0.8768819048074796,-0.44451650668362097
-0.20592679972525527,0.9413021686978127
0.7378573972486603,0.7399723777385252
0.7503153352751356,-0.2060895700261954
0.3106275696083949,0.9885672418972685
0.6732506109172105,-0.7479065704059068
0.9728832523334073,0.10609068698786342
-0.44551306806033114,-1.005303667196224
-0.5365493700593855,0.9251714721251595
0.8702777183745157,-0.05620124765371201
0.5444073667941489,0.6850755278488326
0.3358168124102172,-0.9363323526659149
-0.9200764111100106,-0.15915643235917626
-0.6815219626238374,-0.7023469006006646
-0.19723434231829895,0.8890474897620095
1.1093895170358703,0.35907170755948375
-0.8724625325013323,-0.5791101337430248
-0.09073238700356692,-0.9485139817280318
0.892237433460219,-0.47860815555507336
-0.8402174835783163,0.37458947945482385
-0.04341378165660881,0.9980023895143416
-0.955383544368938,0.5427583824414548
0.975816858038387,-0.31250336780763144
0.18911953011623353,1.0756186265687595
-0.7270424470317604,0.6814767022627465
0.985574428770643,-0.2906804261285416
0.3216409629398866,-1.0029446215864617
0.6661811725798986,-0.6766463847796175
0.994100238421437,0.10907134847930991
0.449061488552111,0.8107565788357843
-0.4704422081204555,0.7928299873387278
-0.9209273907390622,-0.04602681439643752
-0.48682994755992653,0.8557963553415339
-0.3362831327208717,-0.7575127698630557
-0.9962066437555366,-0.17776888502183932
0.6485001628120416,-0.6938829585310122
-0.22087008487768942,0.9070217807314241
0.8460237228612669,-0.3147261116455155
0.8602142136424124,0.6794952280110359
-0.1034740956478623,1.1579039606573098
1.0067443324601983,-0.39560785209978033
0.8490175433766766,-0.5861747834831598
0.03976858950052224,-0.8963094759357625
-0.8169308490831821,0.5886326812775817
-0.9959729720832076,0.40306605970128695
0.17399118255069165,1.0200008804023646
0.6237074920755483,0.6784368486754252
1.0599837600020494,-0.2638929588188974
0.30777035687839,0.8326142381492796
0.5589448760807985,0.6562377941983434
1.0843328360567546,0.10963512472637212
-0.487108247382396,-1.0537466346771132
-0.5630300522397923,0.9548646093694367
1.1077523150580328,-0.03273760986088051
-0.5070922244505474,-1.0825807570373311
-0.40560651886648547,-0.8546810956687388
0.8408108292567433,0.16949571232885796
-0.5679126052619858,-0.8739311233923684
-0.28942140760938945,-0.9012075773378341
1.0434074334081673,-0.33716956655913083
-0.8154702149949574,-0.5548742658260952
0.10371070882087512,1.0662707850170494
-1.0472339155484498,0.46434325104666785
0.9565305965402482,0.5060722206735052
0.03246297340733401,-1.0678349415006323
-0.8934240603834686,-0.46296243035671647
-0.8473736253951265,-0.3358432499987762
0.18625761903459737,0.8753965461737941
0.855827088850438,-0.7124402028907068
1.039296638439727,0.2722743423761069
-0.3062146735755566,0.8878362228183714
-0.6200178495549801,0.7143455465216572
0.9412813761469722,-0.1198581883371331
0.49681811603249953,0.8015365578786899
-0.5194748489686091,-0.8412684248479295
-1.0462626093327665,-0.03477758557291133
