-0.10366414019884784,-0.11234221034067149
-0.0058711992323039475,0.32247123351522367
0.12898455639633521,-0.12718826482172918
-0.11127653705408347,-0.01112725408842774
0.18346803479523166,0.094419277936444
-0.22037929068084283,-0.06750338667517763
-0.1539506628027908,-0.07428019371329819
-0.09355156874124759,-0.3164259822490022
0.001541972033686001,0.17172586751994
-0.1755835549071605,-0.04969489128621751
-0.15985900605459546,-0.008115921712052443
-0.20660230285120484,-0.045984120928546424
0.11656656788189979,0.14114784703186622
-0.06516359694076879,0.027172446839052622
0.15373360771298394,-0.02657922932999235
-0.2584221781645779,0.11052647407483374
0.16468646603147297,0.16190602093601125
0.05586261586665797,-0.11094286385061969
0.02109545070595753,0.036590854109567084
0.061082964065749534,0.231866005758131
-0.054725771382917565,-0.1912946557700418
0.127815100316648,0.021833878108840077
-0.28516764753528745,0.07167526493242438
0.09236403614492017,-0.005477853349002859
-0.22301392338916337,0.012753368097255358
-0.11849352588227025,0.03298578915575945
0.06329601951058539,0.08208079952631153
0.22083783083339303,0.09658906509636478
-0.19192963817840925,0.09349919626882197
0.029894890992201772,-0.21347721596779357
0.1529286397740156,0.023777695299093904
0.03052755090286996,-0.16783297848319678
0.1365432868341463,0.027236621549613038
-0.028125844697448055,-0.12981779661500759
0.07569707120246627,0.01491961185733115
0.13431663586079334,-0.11481686597489471
0.13825367597630422,0.027746879005294267
0.19497379875150345,-0.024523981415203733
-0.2546561229239894,-0.0006375676290321097
-0.12218787829770161,0.04548834385602685
0.08116362883273764,0.11707181617856555
0.11322847819947734,-0.06691994954670477
0.2692930610125924,-0.06936250853042347
-0.10775978339705694,0.16562757570757047
-0.21700098859048922,-0.038192195020181785
-0.1012999602774155,-0.17610293973720903
0.1022520254982432,0.1224176494047099
-0.3152937106621849,-0.07628940371525705
0.1181106575492249,-0.21002505443237696
0.0023570275498248083,-0.2743290172554038
0.16083084480657084,0.09870118740122757
0.3250558831761927,-0.02572362853951171
0.28874383409422777,-0.02549056580202047
-0.03643779277013781,-0.10617364221234704
0.24268816715067099,-0.1780265735263873
0.05538593298393957,0.056795912453022734
-0.11845316342431444,0.13553128123657598
0.10495244438881002,-0.0032446595595098104
-0.06779125083756421,-0.09532424347202428
0.01921661934912644,0.019985943483031288
0.09747299395172826,-0.11020574938267302
-0.08494010490764448,-0.23766885112152758
0.15010522725212916,0.02532310970723095
0.050861702472632,0.20309990825277313
0.04196335666968243,0.1144617481492104
-0.2111614509969113,0.008182139290469181
-0.02507836500446592,0.12061949564472685
-0.12760408519038002,-0.29201466226434636
-0.1597989505761359,-0.045387023488188794
-0.012623126353591974,-0.13723762731994582
-0.15228738964191157,0.25615827316059714
0.23653143093947016,-0.09737206164682677
0.029736909534704647,-0.2448474628268793
0.11114440438463191,0.11914779550165644
-0.04656239567238862,-0.08178854847069339
0.020236782501604544,0.18461410291010205
-0.08590645512443962,0.20187853304090098
0.015218692600798112,-0.20729291053204435
0.2809397339358648,-0.06172658719710977
-0.08978293929193182,-0.23193485806604586
0.1978315984937059,-0.07420093606874878
0.13043570234817836,-0.021974525893640573
-0.09548444643936604,-0.11185830933789553
0.13426913748481384,0.12056365767261634
-0.17196026602207393,0.03390582478124338
-0.038128137800237494,0.011616313616488516
-0.06348306868690368,0.13482121610554654
-0.239103347542455,0.06749423248818298
0.03575164484099269,-0.04786277277247308
-0.14797941198437936,0.15752593276369264
0.00680799678258448,-0.2065546792597316
0.009882391688320946,0.0982793724774067
-0.15146097435688677,-0.21256907617307264
0.19822249917647805,0.056411990840337545
-0.15952097476495875,0.10254865652170875
0.010513753034161799,-0.013706480794431375
-0.086768382835398,0.0932698458413963
0.2467710820106882,-0.11100311337479563
-0.1462680266722748,0.024616769181947884
-0.12317704083581649,-0.0648248697504229
0.13957956164814322,-0.03813361941680293
-0.15604291911351753,-0.1535651328807448
0.019693944053261303,-0.3114117825849474
-0.05096946755182241,-0.21521311460856796
-0.031151481984853624,0.16075637269772614
-0.09059833057260036,-0.04667887875637855
0.11524539118621191,-0.06745650086737942
-0.23022014716469663,0.04673492434889326
0.03874138011312056,-0.06811981262259781
0.04798949080078396,-0.1657628433944235
-0.06858561620734305,-0.25694156727142237
-0.18602156201085485,0.044620998157970826
0.20868583213612946,0.009494008043892
0.0007284904578011009,-0.17513586944858295
-0.13339815870430327,-0.2136942407428405
0.1575037162595615,-0.16315213422375618
0.02810220261964491,0.08787623380051468
0.14000125734511704,0.2429074446449866
-0.18134750678363376,0.05313328368315795
0.1687645110136331,-0.019925279470967117
-0.02144023328359712,0.122786352283069
-0.09767300124022515,0.11341904980280271
0.05469454671860219,-0.1447970455238362
-0.013874533251864718,-0.2161316189321284
0.12371012340285115,0.13515119925342634
-0.1304357758833674,-0.12995574206078153
0.25725666687163284,0.06333727657936605
0.18818991337842783,-0.09458936568537868
0.1272202660412035,-0.24229469387856872
-0.08622382551860686,-0.30455048615365254
0.011558600494549709,-0.21639375527975313
0.04845420557668256,-0.07555536032645316
-0.06121776439583737,0.12448265108709411
0.0672508896075622,-0.20095794484154328
-0.10845944664601248,-0.1808902964745166
0.14889705587753166,0.09712767463711258
0.18509720489216586,0.08389633196852675
-0.02338504246638562,0.17075885720232797
-0.1332488833617118,-0.15193807730010966
0.142370692149818,0.24798245084104387
-0.07030736342878274,0.200740459451051
0.115353920826051,-0.10805204793170853
-0.24643199154177098,-0.20426712665901325
-0.22116969978254297,-0.2574488133819438
0.1370985181753831,-0.20654156440113414
-0.15851875069029575,0.03887397782620061
-0.11054694999624315,0.06476515302981423
0.0408307752848136,-0.18264830544653288
-0.09326662011634546,-0.19846810979169238
-0.09973909931294778,0.13861118006501827
-0.07745045477740309,0.07548312303991356
-0.13208651362203394,-0.06252851776459378
-0.0017443431354483563,0.29512106153843454
0.05181982815958286,0.08958651909078907
-0.14411657937706435,0.18360908132017473
-0.18511479885383986,0.013431912698951054
-0.012593615358612364,0.17781490668934052
-0.17374761859969912,0.0727196263801354
-0.18547957128176018,0.09487146220515508
-0.10163668332751263,0.049848786900624775
-0.11583098352555543,0.12081191324883744
0.26877021231112475,-0.007344462605120672
0.020078792481377894,0.16596057552695698
-0.21874424631734357,-0.08983711273382278
-0.33718700922298595,0.15129503574759362
0.04489299337684294,0.16143665733676227
0.12533224033278278,0.19589760579613869
0.20029506211923953,0.014669144481129881
0.04810189189406022,0.25299071135092666
-0.09249826553026574,-0.04229875776212122
0.1995887443232537,-0.1752362633237433
0.027944379721954293,-0.05544206696277776
0.13494607963294625,-0.0362450167803966
0.11301747779380422,0.1474545411883782
-0.0391067337102462,-0.2730916513009557
-0.08814657462754538,-0.061156941161744305
-0.09182922537418592,0.09459975379551644
0.17898985535595902,0.07088050545013336
0.19517917362313486,-0.019664924627814773
0.23407808668449626,0.04583302549313828
0.13901851146315503,-0.16823329869104853
-0.1857973845967401,-0.3031619313849987
0.13267472756340215,-0.1773296996084276
-0.18951173788832976,0.01618322741407019
0.15454047593314157,-0.15409567703167615
0.1135834252296356,-0.22865807063138832
0.080711676117458,0.07561351242066616
-0.1662977135397975,0.09700014984411298
-0.23370751984513982,0.08216940298547903
-0.09934458880064345,-0.010495969530254334
-0.010859231158192761,0.035465332888267365
0.21080418642188092,-0.13589546502834604
0.17204867990233763,0.11339778925740596
0.08304106576395165,-0.19056547418231407
0.2985417806567271,-0.022850598997439353
0.07472676889453267,0.21026952357067064
0.13633621738603874,0.016176487110448834
0.09281871439397205,-0.10881686688700054
0.07766976879216658,0.21943532511576536
-0.032468568156170274,-0.04569796312987562
0.35237964874676697,-0.03605107299095234
0.0961464462741396,-0.07614383680582248
0.13889360686591457,-0.023885476699224806
0.06814125395514248,-0.08920580345705587
0.1775900791645193,0.04904114939228543
0.11424402094480024,0.06433423106887748
-0.12151976051175073,-0.026441644796082908
0.023056391557911393,0.027986876138298755
0.13714447590781886,0.3106569814759771
0.18237519261383905,-0.11257750130623412
0.04434235416233123,0.2558416071731343
0.09865477917133203,0.04408281766264832
-0.04074899024237555,0.018948777089865976
0.036049907559921546,-0.2585599323002935
-0.16767722049464195,-0.1966049997222531
-0.22897846364318497,0.048503107437337545
-0.04364724340834425,-0.040704106189901945
-0.026593116780181503,-0.05657031877740104
-0.002430490438530164,-0.0906088938619739
-0.058463727517827135,-0.2794243608014144
0.280673886305131,-0.11702681665859882
0.10658909069692091,0.1360659758198587
-0.19207562346470675,-0.22049563398666105
-0.01577349367235137,0.0549240297558945
-0.17028411766288754,-0.19793152235054368
0.11377267002954339,0.10473021876860511
0.220746885239699,0.04966808711549198
0.04953226697374735,0.16425870576957724
0.11464716243919582,0.1415575790156015
0.11995356117924794,0.06655763232306722
0.04577024073674918,0.04602915106684191
0.20586230698609076,-0.014204080847241007
-0.05769828155175072,-0.20056428943146332
0.035057004663575864,-0.11581276467583512
0.04966998730939309,-0.15910565250150444
-0.15157101292736497,0.051602384244734845
0.10905341244020228,0.2712416478013244
0.08237520012471244,-0.009450281106333058
0.11834804672401389,0.33543394762768075
0.12355120251254881,0.10118999568825604
-0.19634311345978483,0.06511061813276542
0.0808578107868464,0.16704439897461965
0.010083244312804496,-0.16453840699713185
-0.07813366572718805,0.10435000658576354
-0.023562230733676137,-0.244102694669587
0.022875387622397936,0.03743865030886051
0.12981417949822927,-0.20154395583944473
-0.12843075674549698,-0.007758077797497376
0.0005280221979427902,0.10422234141356101
-0.24397191362329906,0.027969933634111377
-0.1837916746307282,0.13118175042054503
0.12031120640207216,-0.1273243558288769
-0.12995853976953375,0.035338258880805884
0.2452934428432687,0.136731502783073
0.08374951156809962,-0.18049589253692389
0.032833389978588645,0.06468695189564644
0.17157049034222938,0.052906072381930236
0.057148461623007796,-0.23984213629601459
0.21678879731709166,0.02897396759595372
-0.16323095197520265,-0.039252342011985686
-0.21134918230419575,-0.08327126318679146
0.07955778032423477,0.16679089846265305
0.24082908296042338,0.08651394639249721
0.13560136100390097,0.055568954125647885
-0.3204722760566787,0.08152547920888309
-0.03177964112517362,0.01186849801063461
-0.2455497331637494,-0.0638183378584456
-0.06494544346114284,-0.1750145951298323
0.15263532920875256,0.04182147372728284
0.19131819231693636,0.033871608089327654
-0.039268201795750524,0.08723856190732349
0.01799339178631698,-0.02302898610915083
-0.024254286150310778,-0.2329847349497689
-0.002694557018795174,0.0045996403352532855
0.11737887466343722,-0.1361489938067496
0.07297401206877274,0.1051296760379673
-0.1924865366697719,-0.016287992556488606
0.21278035288911856,-0.04346290383861984
-0.10843714632307544,-0.03407414174378032
0.056233803380131175,0.23170012196362033
-0.19015292379574766,0.011029059822652232
-0.259046599355349,0.00787635135931486
0.0032813136353135874,0.02780168729934407
0.20952882121728156,0.00020580726372443348
-0.11065390072601211,-0.14312652132992065
0.12715244950462135,-0.09590015700655286
-0.04056740292180383,-0.08602829390348765
0.03301686151391736,-0.050243273327780225
-0.043068167832893356,-0.16162277657392365
-0.08139947141033133,0.11740057657209757
-0.012771545779874494,-0.17878431385258275
0.004552065305184705,0.10882225688069591
0.03931272876497627,0.001462024754556368
0.10805408785100357,0.2473866989502076
-0.038425787343719486,-0.23313807496042294
0.02347931973185169,0.166125811574392
-0.15044859157857549,-0.23849176351846346
-0.040584246774150734,-0.23200347733093762
-0.11712235891226808,0.04269519659752086
0.34353386249664764,-0.04643294653832475
0.1502666548807775,0.09037956872924957
-0.048080363570696893,0.13088778799935752
0.17675052510166978,-0.030244303095146807
-0.06847082027251095,0.015424889961322852
0.09587851325261776,0.15658725605257817
-0.08124539561918454,-0.2886477287547994
-0.10898869487112584,-0.14770594764120737
-0.1777776712178749,-0.01594500106561414
-0.11150913259791073,-0.08767353318473337
-0.08003046781745005,0.023438727516609692
0.2560634461441307,0.0062902224853729205
0.07156636464066035,0.11246498849297326
-0.2333739620587133,0.13359389908550579
-0.2557081257285492,0.14542889442529205
0.1526538868123335,-0.0847303355682516
-0.09110282635693046,-0.03904677259058076
-0.05266057300124338,-0.12674740435165888
-0.17999951670580172,-0.11489185894715204
-0.1253304920936371,-0.0284847556692166
0.03160696389376649,-0.21118856357256965
0.09102356098257491,0.29906954906285377
-0.06339137245307136,0.03916099294309694
0.20756844635839966,-0.055141108262476646
0.1770015165197958,0.15791698094292184
-0.10195861990278543,-0.11940930413420037
0.13323976225053857,0.029137229296017364
0.13128664757669106,0.30332749873947795
0.008403764495224286,0.12892132471493267
-0.056959015237960986,0.09468573092001564
-0.11558739946562602,-0.05912902548269172
0.08034436636836484,0.20585405017085878
-0.1318618424785557,-0.08205835624856284
-0.11951925067065083,-0.1535315486644243
0.2353187947131521,-0.026153811371599778
-0.0638268902626109,-0.1097640323118877
0.17371194482742192,-0.07968104457941638
-0.11835592904786973,0.04284898652694935
-0.06190764758659695,-0.04202909677598965
0.12393085341444066,0.20289593475353662
0.10239862608410266,0.10550728062483883
-0.19469526563750073,0.05540244420254714
-0.0344712743382698,-0.11013522768965522
0.09267411790226487,-0.20671432210258234
0.04413037167142286,-0.034823063569505375
-0.11677197481998647,0.09492618483984583
-0.06628731012184463,0.09882393481189644
-0.10375565779773488,-0.24415929604464193
0.16574680137801423,-0.04221749384304352
0.01763332147507035,0.03363175123235407
-0.023943008722968506,-0.0270650254053193
0.03523672054052762,-0.16642371204116047
0.0536743700797635,0.05888001257385034
0.14092021938213406,-0.04540570043685532
-0.06676135896373192,-0.2758419559916603
-0.25565002285205796,0.09151625818315379
0.24868033243851473,-0.06784550574206594
-0.007015347190112986,0.31514820106323427
0.042607228447616774,0.17664487307103527
-0.03170193130030896,-0.06465982898007039
0.25598837569532973,-0.07376712317913015
0.015730111686226733,0.04302502094722371
-0.18179364499760708,-0.04968319930611542
-0.09024388355477064,-0.028294257422217584
0.020383781398831124,-0.1508721311022505
0.01854724772181149,-0.17633557143439438
-0.22271545138011628,0.007603292486576652
-0.1316342674245643,-0.09688244800108048
-0.08330900094442595,0.19841434014386305
-0.07495234660788119,0.16980804400426774
-0.2754873960684504,0.04882430173446295
-0.10860308390032147,0.23916212108832668
-0.07728485185858613,0.07709182961823846
0.07663239535593691,-0.02909081664299429
-0.19840741488684566,0.14688242472718283
0.14376301454493678,-0.12865011119101177
0.04712690256916663,0.22775855738639028
0.2503464136578508,0.0523205708061697
-0.14948122318154944,-0.030148140158471337
0.059498948347471714,0.05766192545458437
0.14424384587993722,0.03882342401219896
0.21845730739405245,-0.09195085277415893
-0.07241152042706667,0.26519511884753433
0.036874566981208834,0.05416853221691864
0.15241534148284552,-0.059673149405016335
0.19913519019066395,0.010680823418029672
0.020000852557801818,0.12985231159775645
0.11715623331400382,-0.09833524125174298
-0.05563904962067989,0.18365266730086038
-0.011023968234148751,0.18248800671864174
-0.16127049466385013,-0.028197657605316562
-0.030639398494846093,0.1611550843013254
0.015853686520564958,-0.1887785822438427
0.10029306149795403,-0.09198942059265092
0.32265779985096954,-0.03549333592828596
-0.1353481540120629,0.04111028342019052
0.21275669786662332,-0.10220978731397679
-0.1695636800265503,0.010260313964475687
0.1814080760812966,-0.054690584635447625
0.14504136043776183,0.20938438286442285
0.10798682724153519,0.23660901279350954
-0.1774182411480587,0.05232337309069379
-0.09414704274498464,0.08566549365781528
-0.1698828563600948,-0.010577257939171858
-0.09262230216172151,-0.2222595461065412
-0.02953890112337676,0.071583367101
-0.037204707285212524,0.10880750963649
0.03402978306827997,0.22604651436816958
-0.1270077173240024,0.03140507074971033
-0.04716273283282224,-0.05167945441256039
-0.09020081417810644,-0.006494819309592947
-0.09839864011634591,-0.17440101203400782
0.04112928064523713,-0.007061957966096988
-0.16440270250855882,0.07854801419318724
-0.33703097334097487,0.018597590768155148
-0.026269414840949912,0.07441644195405006
-0.10929222429969587,-0.024078968377967636
-0.11699355752268192,-0.1757964267578056
-0.2860871600012579,0.15033592646943605
-0.2192417812490025,0.10507661599726004
-0.02720324658674178,-0.2404604168584933
-0.08778476595657736,-0.14089230063436287
0.11763796308030472,-0.08195467614365926
-0.1454710622377251,0.15599498883870733
-0.03654579758293286,0.09098293230936805
-0.046901007765337566,0.2534427418731938
0.14032692831808768,0.18014206806831168
0.06375021896521382,0.12491925650063784
-0.15149429050148266,-0.2635401902542882
-0.18414187401226678,-0.11330700926102477
0.02552426422809173,-0.14155857548550732
-0.17610430887455786,-0.16195012660495034
-0.13540270614130478,-0.0635444490623337
-0.22500568136938126,-0.03464274436767756
0.061896127233500464,0.15214903115097422
-0.26014430576586234,-0.035470919078971375
-0.016906930929089237,-0.03765838305660396
0.09469880980369294,-0.20407083471266274
-0.11114018255344238,0.1370800288639169
0.060350706036980006,0.05909884066952342
-0.09524003908194933,0.22263388628727931
-0.20188914192026908,0.0669963272695493
0.2167866091365932,0.08964502464454771
0.01957698448527989,-0.15435233193484132
-0.0455016006191602,-0.017073427469948554
-0.028092815212557798,0.15102769106002556
-0.12316870330633278,0.00942824148270005
-0.13643404172663265,-0.03686718469824479
0.15203321398606406,0.08647684899957753
-0.037225986916668674,0.016001366979542353
-0.0527746972126939,-0.09513312562061871
-0.12208705816786136,-0.07942988773512671
0.19580226982342908,-0.06815327381994885
0.041571388858740455,0.11938698591099739
0.11792378543832649,0.028275202956442813
0.12196639204001414,0.02191456745999909
0.16189245188706236,0.19818056284751628
0.09098037968321304,-0.05614984058432382
0.16020216512024477,0.23024951140024308
-0.16297578912987243,0.06944856537593513
0.02840530494996074,0.008158327332530968
-0.07105861449361517,0.18920238962412594
-0.3303662543692809,0.09945768204076666
-0.21177301555837358,-0.15424135493788582
0.044929403914625965,-0.21547551600163506
0.2349318343450092,-0.0679405057723117
-0.038401524831106704,-0.13609059215790886
-0.07857271342658534,0.09001429096630931
-0.12140593515552478,-0.18113078292249396
0.03450906753965677,0.2083708458913286
0.002438006967517503,0.16092832382140876
-0.27300885738726455,0.16904026290717633
0.15905681492444435,0.0008616452083545223
-0.3543525597018661,0.20680344883651436
0.06466867783401176,-0.061680104341624076
-0.023825860679709043,-0.032400175753342864
0.24696808319512809,0.14128976701773688
-0.03483619648690772,0.06656673036700489
0.21411506297174698,0.04620514904190964
-0.23104157733438335,0.07674537153632632
-0.08523142056815058,-0.3517592285035145
-0.14637094108955018,-0.12475271711910374
0.016159015730867754,0.09150823444887923
0.0387749155231506,0.11875025346482238
0.1534903633214334,0.0072209529472105904
-0.2022323562677476,0.015057019112050929
0.1634215293128093,-0.01311649172287721
0.21113901067965712,-0.02078674757619814
0.2688767920415912,-0.05156460758750869
-0.05712395160425077,0.2212971573062582
0.0315315055554789,0.440933041115701
-0.041922229224714114,0.0493310190735371
-0.0749898485433238,-0.03009104402927043
0.026659809889811092,0.055191305008695735
-0.05887261654542786,0.21615926010314246
-0.21528271687578227,0.08634920625880915
-0.01834977984921715,0.04964822387506329
0.2414154303530709,-0.09696972025869943
0.006652760620353804,0.037046926127369706
0.19024898531076528,-0.18866219300115528
-0.09793510725648336,0.04068430753282559
-0.22711892149848134,-0.034078826190961475
-0.04599106010076037,0.10519672286952508
-0.045435293003671995,0.2447247167784652
0.0238559947952105,0.17161771238076828
-0.1308728500540317,-0.00891113950006106
0.037800922327886566,0.02982954419875683
0.1990294442419639,-0.18408503036152069
-0.12502433940914415,-0.23489181690469696
0.2769738517493695,-0.1411349949487134
0.17094845573629236,-0.07317478290419832
0.0489653029432463,0.18365005420533032
-0.03966653103576334,-0.041531755660695335
0.17849169388756891,-0.16800931879751257
-0.17434158925360754,-0.12892774577925992
-0.15866530309739102,-0.05027313036025627
0.0709536375919122,-0.0500074358824526
-0.019550771523139,-0.008625187732664519
-0.005471514551109724,0.3315082335459001
0.15074366733559352,-0.17784261455593353
-0.0028735544899485266,0.12917136415262076
-0.04571552024095982,-0.12466867669704196
0.24783218150652087,0.09411211584628187
-0.23283711035133836,0.0688379505726947
0.1761846244932127,0.031845811578633976
-0.10293370177441141,-0.088098245560843
-0.1665369374801462,-0.04896982465189137
-0.09404870919298458,0.1405984622527029
0.09101389399757864,0.09255467239111259
-0.10797278251583986,0.08230391727444297
0.10096169623672158,0.16102739465582183
0.10838692596867827,-0.06600272923799277
-0.13507898728954648,-0.03638854202967534
0.12188156529034655,0.14760363026556667
0.03323227102402082,-0.2293387121902496
0.1511061262966522,-0.1744569888311841
-0.019035060864909803,-0.18497921210391166
-0.13185035202496187,0.10144703404965782
-0.04777726114320324,-0.0013117192649263476
0.02568425915732553,0.20710491152404387
-0.08566641699650912,-0.13673433341497365
0.04308908463944927,0.14626585504049472
-0.16209465681164792,-0.0732914921636334
-0.151325162761894,0.11656784736032744
0.1762515769180215,-0.07247702169948744
0.10511719499205285,0.006110686920364428
0.20161512881281618,0.19480320297778297
-0.1969687467708615,0.10379714285233332
0.04290266446820168,-0.08262082479236799
0.2536969130525839,-0.038184866458557454
-0.3421166351852678,-9.164645413861638e-05
-0.17757287227365148,0.11317915042399329
0.1603158263947334,0.2179895121037504
0.14212202500931714,-4.669306240745463e-05
-0.06398276915312118,0.12806625199824972
0.2211549950478373,-0.028113431034925362
-0.16398860526774317,-0.021009976962165666
0.20239898862446137,0.003629041266801636
-0.16983019540742372,-0.05334234158230533
0.23148062664096836,-0.06556568053921075
0.12254835895484861,-0.005966252691542939
0.058199760202300777,0.09523447454868217
-0.08987069083228694,0.10242154909424406
0.2756427020387544,-0.041174326157187746
-0.22002231398242167,0.04179796502812794
-0.23768344975538458,0.05392224531685308
0.1715571045005978,0.23078937547506506
-0.11094497963183692,-0.05958424798004902
-0.23768431070477725,-0.07012624206226126
0.16697748266588663,-0.15003160635176993
0.04641677005525169,-0.11644256558299093
-0.00881968795905419,0.14343714422712162
-0.2356449173401598,-0.03422949070052794
0.11350305138065253,0.09158945211344494
-0.14818056071256624,0.04684790840190112
-0.08309158555320084,0.20281657495965022
0.1922903265171757,0.14148998107354327
-0.02923550282199161,0.18343011962006162
-0.017359616348769924,-0.03962585095654625
-0.07460719220941514,-0.0033433398143720705
0.14526353018583527,-0.16833416437068116
-0.19991982169708933,0.08999633727818546
-0.11952912580568509,-0.1365432114547913
0.037981924997448235,0.20416351031470892
-0.11117930392924813,-0.15104726717509476
0.16182123356355327,0.06759808993221073
0.27895550717077744,-0.1102093122267419
-0.11520965179729314,-0.017756749393420312
0.20196608252330694,-0.009746275159477347
0.11405982382001534,-0.07796221347683197
-0.09681139868762534,0.040581781734407074
-0.28843060458640224,0.011895565990041601
0.12376981100642648,0.13939822941031055
-0.205999828472323,0.031406469356167976
0.3090330256524385,-0.1321634003604274
0.15225702235821514,-0.01909379368212616
0.031016212257068743,0.3625362390974497
0.09586036553932364,0.13766990981187244
0.33168082477564675,-0.05428633724750276
0.32129825835805215,0.045474603261385305
-0.1506523880505235,-0.11464345623196837
0.24908225428569253,-0.05334463440790049
0.0688095829183829,0.13090854785595185
0.24863190956334535,-0.18707322007447869
-0.08922658626856528,-0.2581629807699588
-0.10995893643406096,0.12797657375652793
-0.18307472915784284,-0.008345592473477215
0.08795841911878433,0.21957336285789641
0.06752214847123739,-0.013486969207143096
0.0807824462869493,0.04420207672931087
0.05269976868300896,0.11799125118803888
0.2416905248259047,-0.040359775801686815
0.12537521165495935,-0.09971700855953325
0.012900571336205258,-0.09425478807135723
-0.2497177573624424,-0.04774744317383128
-0.13782280444873518,-0.07988426853572739
0.2264728147560372,-0.14508526670232325
0.053577297252731415,-0.004906122956598202
0.24185554963545475,0.003720612933457823
0.1244712488641948,0.09477238756934658
-0.03827393816546654,0.04263148897210056
0.19025609238161834,-0.0348152328343414
0.1392454462134095,0.10635436880524696
0.08514726461506916,0.14693719429296892
-0.12340051612375302,0.02448498531164245
-0.001555990100229665,0.12858956008696232
-0.17064554441342883,0.016055654982428336
-0.1312591561338211,0.14170580198573934
0.0668041737409999,0.23666693709526365
0.010267636612025455,-0.2193792567574666
0.05605616748937603,-0.1339903491714568
-0.10114392292799512,-0.22922358768825357
0.15752003084323363,0.07818840058665866
-0.12032116048785302,0.010577782190455354
0.07354544664750762,0.07572078326939213
-0.11737831460119141,-0.01394170098228531
0.1368696420065666,0.12267535437081023
0.13676688539981297,0.20218617272949124
0.03267955304004544,-0.019665723252431988
0.029255787121329258,-0.1880482494383321
0.16785571600104987,0.03366959308059525
0.01341558087570971,-0.05853121585186616
-0.03415498906392689,0.13225160453899454
-0.11089195633040472,-0.2522815223663726
-0.19942644852065072,0.11571941562074273
-0.12152508023694053,-0.04249885538060716
0.010453632716637462,0.19434711001495064
0.1129320578832741,-0.10659251601310082
0.08664937718164367,-0.2546625162080165
0.21700001284244597,0.058098516202303
0.038854653054520405,0.00017424018733191993
0.05805557361184732,0.19635484910497547
-0.03949666203816227,0.036655142048121814
-0.043262299839547214,-0.06235066537440459
-0.0924248307695048,-0.06450060193125762
0.09134278125675022,-0.07501107478286251
-0.20459548332970667,0.2394027700120086
0.09664112959294835,0.2323029510297523
0.09480887665430937,-0.03990265825443007
-0.24995392590058096,0.10277517375950407
0.06083593163851164,-0.22288548849697454
0.09595165762479696,-0.05742181448507766
0.2669816627999051,0.07436189673641302
0.07404933301000483,0.1626502935387929
-0.04272473496007667,-0.03729967594455674
-0.015216419748181442,-0.04018446724952052
0.02916683043387791,0.011647364823864526
-0.207180985757064,0.15165633953001034
0.2556023296660339,0.050677618098324384
0.0739068149979143,0.0038939541207710926
0.13058322861609795,-0.09732844050186562
-0.06293892959435565,0.009170643287344182
-0.048420314233172834,-0.18190778115807538
0.27109665259031546,-0.012120308182343553
-0.002370310166332379,-0.18458920343324137
0.26884890282044605,-0.04169665823191471
-0.03658383203426796,0.12066362330383096
-0.08749489000649358,0.04400477738110253
0.08787035976107915,-0.05629445007577749
-0.07858397180500576,-0.006699560498730772
0.27205883629000105,0.08450168686953052
-0.09471312202615478,-0.19547075379308398
-0.1264971345258804,0.047302789266810974
0.11760555010243556,-0.12106708255497534
-0.03329806709377625,0.14910436810681826
0.24280000129179757,-0.07052721011999852
0.09520869735240522,0.010655683961401263
-0.11464680757913837,-0.21584630595012655
-0.0436081988185949,-0.12063582658373084
0.026276638370221872,-0.04589458823431258
0.007740973824963748,-0.2133923306327391
-0.08747596761989573,-0.004106833556716372
-0.07114010968636086,0.09737365581772595
-0.0439670444999416,-0.11231839268683796
-0.08794943134227817,-0.07901461688030653
0.08047446446794793,0.15874582342972032
-0.26880016031950693,0.038209555460071765
-0.05576266267941443,0.19111737843089094
-0.08162075355183196,-0.08987058861498265
0.029885861200081854,0.23073451295035474
-0.18055559128170473,-0.19413557265270331
-0.09823199725358878,-0.22698406517246328
-0.0008170825566562456,-0.28947655584871756
-0.14276225691724365,0.058289597558701556
0.1201101468043303,-0.13930512478890789
-0.038194335165309345,0.2660936266262973
0.17738632933496212,-0.04399757793458181
-0.06844101564570004,0.10763955534587721
0.01928424662791528,-0.25098456892219134
-0.21912258591210199,0.0841045020357376
-0.15675462257759254,0.005064608792745062
0.17374105424855923,-0.08764005398984154
-0.03256680018876801,0.0740227242229643
-0.2684332666565088,0.1566959057619658
-0.05744150521308644,-0.1680787687861771
0.06809653714551978,0.18181753998617167
-0.148825430363818,-0.040765197783093954
0.07593250717367783,0.014608961546232369
-0.21126587310546485,-0.08319450173696108
-0.15764340697530155,-0.29270600344040787
-0.06474992483272857,-0.2636281913081425
0.006140933325527231,-0.007228780724542694
0.056140324906982064,-0.14319354139975615
-0.042967129367360024,0.27327352272050975
-0.0688946348506918,0.0019050609917138361
-0.1646480814576866,-0.0903891646658952
0.2419448070712098,-0.0037459455850841206
-0.1678846647343123,0.13154133888540231
-0.08730348721086822,0.15573384545803992
-0.0016809302156872707,0.14395864551269655
-0.1361940225782522,-0.22352842184968147
-0.1444931371897743,-0.26596046864619527
0.16845722939047647,-0.03645138151491145
0.13958954380308353,-0.10291790659461586
-0.08093459550155235,0.06282232032228996
0.2123034179445873,-0.06280277909061416
0.08632394539090127,-0.053843153991519954
0.039715505925886685,0.09317738601972492
0.09242592764927038,-0.08388564339124649
-0.16114291547758985,0.006076992846522855
0.05809538556652938,0.2595816323784693
-0.14803842282485313,0.020355633583226562
-0.2302381316317872,-0.01996241709556512
0.13961140690867768,-0.18178971538873334
-0.02665080592096214,-0.14185201333211162
0.05262614102934071,0.04960749265455777
0.04159164923405334,-0.1916020483484968
-0.08360965691452804,-0.19795122316949754
-0.013698601366433527,-0.006716609454419098
0.13636352294393772,0.0749520009765886
0.11952205179298114,-0.07037557630686841
0.0010013664977097658,0.2325365226944195
-0.09289485629941618,0.16963824708093989
-0.1720482826301457,-0.19821490111032225
0.007452284207655202,0.30013588591676255
0.032592994435354794,0.22844136787833424
0.07105534044093198,0.012044930519890862
0.11151343808750358,0.15663118586305924
0.15908850735216296,0.019537224099530626
0.10095755266258921,0.22732889226441888
-0.03051976531474454,-0.11778421236931835
0.07335731084760777,0.1224711435282716
-0.01883709368537445,0.1695043672038864
-0.17649285595867525,0.0069044143411374215
-0.026553399634734687,0.1389191459698056
0.058971401123309786,0.09226254998954331
-0.045277721001706794,0.1896858975336786
-0.15299965430742102,-0.0903182607183215
0.08392830039804655,0.0899300369886088
-0.25605681399058,-0.06269450039384783
-0.21609217885678544,0.16532828122464738
0.1083225296048862,-0.09500672858852299
0.07949460065689928,0.18617252515748395
-0.15241825247365515,0.17874515199809216
-0.012305952469702675,-0.016947591364257275
-0.14307759096810502,0.061478007671691426
0.16297638447675333,-0.09703310018346967
-0.18963187442045992,0.00658213385174411
0.20401254217854292,0.17948593851142602
-0.18269363623852064,0.10417661063119399
0.15560497004644458,0.03301762047973533
0.00351125105327621,-0.10565071319713437
-0.013249052962497121,-0.05971579223060741
-0.15086557886842655,-0.12387577366559788
0.20168050488588407,-0.0679059280163562
0.05452563825855394,-0.08000960358474185
0.007017600310638028,-0.13691234980154876
-0.11641415250161025,-0.06521370654203384
-0.07576381862699288,0.032030537651251745
-0.2650637012564405,0.09456392077580111
0.11315572918101413,-0.09726318885617635
0.005630172630309516,-0.03812631591045346
0.04956143478287156,-0.03303252852468164
0.16987312869939963,0.2524019746117705
0.04383883138425104,0.040106949146873405
0.03405360738365548,0.2626395726031868
-0.1720844439444098,-0.11811947348079821
0.024945528657529525,-0.279894013899724
0.23301614513094426,-0.1728424694482681
0.16624446680046046,0.0544352013028262
0.0805840832276673,0.14711458361024243
-0.13751369513583278,0.08407680702609632
-0.06478695464444018,-0.07211126140289248
-0.010059834098885001,-0.10325396984844959
0.057050468341857785,-0.13533151201704074
0.08545112195445437,0.1946987268459669
0.06841750891293441,-0.07464703186826915
-0.24527279673729419,0.014711433976826394
0.25595874481104475,-0.1051366334721231
-0.14746117716807738,0.1793136528803254
0.0841382144695636,-0.05143120318807615
-0.07011335621217307,-0.038301957319100466
-0.08659035794992687,-0.1487899610030725
-0.04209912250376957,0.04076637155001095
-0.20738294892584808,0.17131830347760968
-0.03573659207266089,0.11111301544989605
-0.05064691635499796,-0.1914248695635099
0.14366806190096515,0.032800332770387186
-0.19529292284950295,0.06503517888611343
-0.2096928750398086,-0.0845245568263
0.07308779703905999,0.28113821722681764
0.18465829951769142,-0.05946672280352183
-0.20008115085389933,-0.08455378016047321
-0.300045272495328,0.06317712892960792
0.2499900920941075,-0.11272607378727595
-0.1198425598633096,-0.050508842828377976
0.1602996693119868,-0.09389752777614935
-0.1327421474949947,0.14786502923626288
-0.2547563519995787,-0.029882594887532865
-0.016248251824323545,0.0038434771923795408
0.12056430872440949,0.2759281094772206
0.294501496333478,-0.015147378233236641
-0.05864243650841883,0.08314573743686926
0.3180343430370952,-0.052599297195057626
0.02411874042247808,0.14604757894932174
0.14982049727815472,0.11724784412703493
-0.026766856668661076,-0.061966658894122006
0.18084245694492207,-0.04689298215647364
0.20673457558716724,-0.059341566683547065
-0.16805782015500081,0.011992361191321632
0.27999560294730885,-0.1213959636282057
-0.01739562806984707,0.1268430835234352
-0.175188952441376,0.1579856684422607
0.17393094224214056,-0.1009327000927136
-0.10706401765985585,-0.21919703038523453
0.22261176765144863,-0.1611923314911341
0.14795942146893581,0.11498032959901472
0.051125182264747715,0.09744955728318527
0.043415586427750896,0.15170098532705556
-0.0943086658289769,-0.14075585308000427
0.009287533964212225,0.11471225621881997
-0.11123696584770937,-0.061595622139195116
0.09764941795926219,0.19367439996827174
-0.2929444610574915,-0.004575118514457577
-0.04579103592974609,-0.09850808836639202
-0.20940928522481017,0.08094216520072584
-0.11807387213769827,0.13543096148474643
-0.06123730966421859,-0.019095158918702393
-0.14134449291055762,0.08165251962748377
-0.037696615542529455,-0.03967992853910418
-0.12169993778725618,-0.01824424447308448
-0.16930352793058467,0.16703197738019537
0.017721133370296904,0.08501872643586383
-0.0013949985816029686,0.21843936865650349
0.17942033561744053,0.14680857092235144
0.1949716024877194,-0.18490625184689702
0.2501931089981374,-0.07776481518300427
-0.2629538974683906,0.1271693135568971
-0.27081186130984525,-0.0036712997718854057
-0.022624083344967905,0.238790050660024
0.1600443356542296,0.015593301512944135
-0.13897794613525205,-0.08848747595096396
0.09284539323800667,-0.08293032625517405
0.04652806354566563,-0.07372572217899453
-0.014167247323746968,-0.12627805228401012
0.08515151673224797,0.09561183162528153
-0.019864595867587154,-0.1459207215320768
0.06538711596063229,0.08269869698230137
0.13537990965480773,0.18785005012424938
-0.18552594750348772,0.1556392374421206
0.026195762980174342,-0.15621095186729383
0.11589512408435443,-0.18586161183165917
-0.19757856180854272,0.13799231081322194
-0.0888444271369161,-0.08032525895148501
0.0854128924005505,0.02866503205926796
0.16116324369799528,0.13606762166114017
-0.17290080703604183,-0.06364296119074497
0.08968878267703395,-0.07103854644075791
0.15383633327980284,-0.16300301473305467
-0.11283230100356256,-0.07573877179302735
-0.0864182301566867,0.007771437882501564
0.07887779500380032,0.04279064489166129
-0.12496193311553627,-0.2170797669303074
0.06995629168975404,-0.11191837588800568
0.025233900357350847,-0.2742428740188335
-0.21265663340958918,0.0706129594683953
-0.1416557817548766,0.11770676741800878
0.16842162930740612,0.1417290063461003
-0.05183212466316023,0.03651467078167603
-0.0545936396508937,0.016541800660908934
-0.1240883381793888,0.031997383599014606
0.15324678117720492,0.08069853423582052
0.09168112439005349,0.3264463984536824
0.1667663286222385,-0.15274450568580633
0.16586140042058684,-0.07000404976018948
-0.11924557589675722,0.15165771980340081
0.09506526681904715,0.08473642917434054
-0.11108547311095529,0.03943301352591333
0.06065259210466367,-0.13836439851511184
0.024309070741675987,0.06551706662343038
-0.125023193882716,0.16092926297352317
0.07490157367038786,-0.2377536942702403
-0.3153060302047763,0.10213570666874183
0.00037073192493486395,-0.15870828986393892
0.13159279124943213,-0.06628413114158704
-0.16273038870749768,-0.16792498498327657
0.1160913723749184,-0.058347704438100445
-0.07731685255026666,0.21855340855724437
0.145973534724546,0.17867437775698725
0.04692298564659414,0.16653052764851883
-0.3199323171323952,0.18348676821690302
0.08667020678059312,0.23928576423556835
0.013475431612186228,0.13350965217063016
-0.18164396637299085,0.15172821313318063
0.17615009876151744,-0.10461249836656772
-0.01788380401516043,-0.30641874348265974
0.11671903454372978,0.20505214712592545
0.16665992142779695,-0.04961451248802662
0.06231595683528113,0.09594612272095582
0.09327464884789616,0.1356633911396623
0.049391940528290657,0.12843389638558966
-0.0892893581116544,0.09682308908334791
-0.039058533936935924,-0.09818872710920756
0.20463492869642452,-0.12269682207326149
-0.12083962729544007,-0.20265099189014846
0.3248876925731998,-0.14695929155566856
-0.12523314045185008,-0.20908131983142042
-0.010642351823998197,-0.1826254123182134
-0.1829459305370209,0.09024251282276996
-0.2627526978670628,0.11484452403011713
-0.06409162124666656,-0.22999926799519865
0.04376250211878241,-0.06080173725036697
-0.2284243276132496,0.033799934072678894
-0.06326129651302004,0.21860514026925604
-0.01768987521876364,0.20445155016354877
0.061791869858318194,0.06210811276612316
0.11376309037846666,-0.03906854724645059
0.14669875813179523,-0.12086040000472764
0.07137370250504749,0.08102335835570162
-0.1543738674900832,-0.02078382364285225
-0.05713992930752143,-0.23238658137508994
-0.17477148631938744,0.06349135921887183
-0.08059592354796963,-0.23521662886071015
-0.10577917027708861,-0.23348767521472114
-0.11639646729408393,-0.295951455276412
-0.176991199308692,0.12383125340340584
0.007410570450915643,-0.13487711304088912
-0.13174895338828685,-0.18115072868058124
0.13431331948978187,-0.005202226420179645
-0.1821190085194676,0.026426391689499007
-0.09602730598140763,-0.04928933054676721
0.09723636778069356,0.18464394437445542
0.16672843391143533,0.18315018028779761
-0.03268897886504751,-0.18210779878066075
0.07714384484699044,-0.23568343614268872
-0.020881549580070935,0.09913313234650811
0.22903601313671262,-0.11604252757424205
-0.12541135728877173,-0.2124386034059309
-0.08207182303863958,0.09225802008142436
0.2360695142517003,-0.01908896930191073
0.12378567892770775,0.08938201319859307
-0.1905121111089615,0.20254349452490128
-0.03486900862950826,-0.2070553078690741
-0.17662128823380208,-0.12050310386060259
0.09500354988429893,-0.15929900654700013
0.16952489827940176,0.015038652530538599
0.02492036638385975,-0.07541871373388043
-0.031122281705597166,0.14371856737030386
-0.11379338421383567,-0.2895740441655993
0.10795470015625208,0.07486245494524213
0.0017394025156063364,-0.16878053967327245
-0.12073691207745452,-0.12654398674291234
-0.11920277985870498,-0.08541057267095498
0.20890980884805754,0.1865058209309245
0.03027143599865323,0.12932571971609208
-0.2274124406950736,0.020368586240009257
-0.08386553307662858,0.05837282217218265
0.0685807422636916,0.10444321567568804
0.21793953282144762,-0.009575980573113041
0.10931422448475181,0.10794662339996708
-0.011561297715647623,-0.03864148446821447
0.08814350976908791,0.04027893862059284
0.17386664068988433,-0.11627571223028521
0.019122541038949836,0.2993070885431478
-0.021690468034562427,0.08099933953188443
0.10470307584319771,-0.20854991175853121
-0.14784778804397392,-0.035564383767955454
0.13715309434845357,-0.057831073611339434
0.10901423924206155,-0.08761430514531754
0.08876409200146895,-0.05908593362906478
-0.19638863990865774,-0.047309345121628876
0.20206008145816934,-0.0433901373168768
-0.06509917139345578,0.004642634842864091
0.1211787032831505,0.11013688829840851
0.023238304128045395,-0.26294275699380343
0.0356022982994576,-0.08265857440379587
-0.17707538333322148,-0.13416680738057063
0.1547352327812761,0.1387205130857454
0.32293133732791424,-0.0947676348098273
0.009010082241422745,-0.0186386398741637
-0.19859856085018468,-0.08133203396702027
0.05252888802917033,0.3102084598422271
-0.03488505164074751,-0.1667373873761736
-0.09157267502750721,0.007421460259067425
-0.052138861530963476,-0.19681750867981207
-0.11674240841255301,-0.2395551445356191
0.034526944021786465,0.1545109149838716
0.061873740900658336,-0.14860850413327786
0.27064399091247604,0.0071052139893253985
-0.17033817927912753,0.04883993646858642
-0.14904023066259686,-0.2193759758445052
-0.2120732683933123,0.11753417562810264
-0.017104411867457592,-0.3035790764483306
0.04355713304443942,0.09827748142349535
-0.016019761279060907,0.1752129071243429
-0.03191081430375031,0.19308461097260332
-0.020475154106257665,0.23294483300945446
-0.06636217366433761,-0.251019404073046
0.010627221122140318,-0.22326793426911806
0.1584980749403314,-0.013898600437791453
0.14698353279352938,0.1436118302861763
0.07795236477486045,0.08820020394909434
-0.045334448999663324,-0.0830793404935587
0.008063762410862041,0.18976471001256479
0.10174183718300267,-0.18204673311820097
-0.16127694567876938,-0.0826834156532178
-0.0441635035509379,0.0630022207731693
0.12365833367167345,0.12730181927826933
0.12390130389171328,-0.11307566398224767
0.07069959152142202,0.02125147083214607
-0.07385410466453068,-0.3130295917254059
-0.039891069649829136,-0.04060597804368826
0.04978766244117416,0.272675063623001
0.028602899252553327,-0.0796950048039341
0.18473798244783446,0.12976598634797643
-0.05781514778636221,0.025644198728166034
-0.08044853653789841,-0.1499303544924797
0.2633065189948147,-0.08312643197042147
-0.10743717343247139,0.25887832866937777
0.06698637638917682,0.05160043339602771
0.1953313302245141,0.024628285742293254
-0.03250002713155964,0.16025604866026966
0.010648617796195303,-0.012040736623935344
-0.09820215539671984,0.04916059866265865
-0.023112554517455308,0.11391549989004124
0.02110038687235649,0.007182858005627568
-0.22012398119966647,-0.01698184763962096
-0.07514489688531767,0.1492093123922862
0.07194304414257469,0.12728669521153968
-0.20442105117782472,-0.0042279588881368735
0.13917951692632036,0.01394503012098025
0.011701577577328703,0.1887668917393358
0.01992864655482618,0.08815910987682296
-0.09516346381937246,-0.028844969427627154
-0.2360596775952405,-0.13768842469986975
0.21132719120950827,0.04179638866298141
0.10090397513768512,-0.06889884635416754
0.10876507258252022,0.17981659894523772
-0.1964944570237025,-0.06614275808669601
-0.0043646077320174115,-0.3404021645048497
-0.08666728669044876,0.32000032118207
0.008794060993559949,-0.06699857567304845
0.03228698459049417,-0.1474271647090185
-0.15407957425560403,-0.19875500425961357
-0.06912762010932494,-0.01906895963531907
-0.12556602100305225,0.10219466054988657
-0.07583919615917922,-0.00876129405293491
-0.2156393566087651,0.12519174789535026
-0.31378878631131846,0.14236416847163602
-0.11305927565537799,0.22028632557793293
0.005872999603102391,0.1496426790367389
0.038884780430922694,0.292990152149308
-0.012488621665479482,0.2640387677914806
-0.17471631058005943,0.024694536610308848
0.03890680369001631,0.13207098934802453
0.23561732782721723,-0.028802280012223735
0.08493278350815925,0.07380836484195408
0.04796642233582782,0.2170959499669578
-0.08263738316952873,0.19891725839371566
-0.07375135489609919,0.2084963273679652
-0.2052193319601182,-0.023564226060375004
0.17706945592703394,-0.07366092675122216
0.1072851862452252,-0.07396839495097718
-0.18608750529708729,0.11700737007952389
-0.037319173136292405,0.03488779260363828
0.2514199352869003,-0.03613882745812347
-0.09499353539365218,0.07323530511767817
-0.07188928478938961,0.0665831535791217
-0.1905353943709417,-0.10895856472821852
-0.1937889923079903,-0.007835608914291803
0.029771984704873522,-0.19416072599252931
0.31268049236516515,-0.12908619011463296
-0.10845043679040423,-0.05175454191866069
0.14223615351575336,-0.07028774031305873
-0.1343064854424365,0.10778771649079333
0.09783474281249482,-0.16304519340352774
-0.11690826508469587,0.06491222225108817
-0.13886538292381012,0.061170807615336775
-0.004263012842353087,-0.00894701555376698
-0.08231016457368101,-0.2510421668927424
-0.14720274898321428,0.14014060634395176
0.08100687760107461,0.0354391610113971
-0.0503515973835722,0.1416164542846574
-0.033622295685932446,-0.2886539508244056
0.02837047048286112,-0.15182583924314763
-0.21860717981770827,0.01219206996287403
-0.08557965452625127,-0.17810674074872512
0.015600502256538307,0.024688046234292105
0.20277766593848767,0.1298006994424562
-0.19704127763273838,-0.238452645718089
-0.22877083700773104,-0.06437871912039428
-0.16476357281092358,-0.10987441818179178
0.0769634658131465,-0.09306347461571551
0.22213909006830257,-0.07281215446893419
0.2814713520946063,-0.09145710454016676
0.0683624236529593,0.008174629903131558
-0.19449888223129597,0.004523701465257268
0.05874196392855613,-0.0779749001056892
-0.282609585326839,0.04847649555064426
0.18373405336286608,-0.10337783533496403
-0.004270048845923524,0.2100358063539658
-0.18767973438563623,-0.2340508052662411
-0.03970195692634537,-0.023159417213783007
0.09743347616370013,0.009038631886901793
-0.066901283154297,-0.004033249480537071
0.10498956153176375,0.1494648877759407
-0.11931268712925025,-0.11243330415582575
0.261995123036606,-0.08925118015711764
0.13294453952020002,-0.20607122600465444
-0.11095383945850124,0.0629190285788177
0.16896142056361585,-0.009238905982630774
0.02516474666930213,-0.24375000552235926
-0.1304326482664926,-0.04386090321206115
0.02088924617526422,0.16992559659584128
0.16903600487941062,-0.2048157787035343
0.14548718831376672,0.061823349511633485
0.05419728248403244,0.10681674855592216
-0.14175609573122372,-0.13066013800254583
-0.14869303921829446,-0.1808069797846934
-0.032227516689271596,-0.12552844754895465
-0.02473505752975813,0.21832595851511283
0.1605681003700048,-0.15072451386853603
-0.11893824684353382,-0.2426869048166964
-0.20028419623642346,0.07934421820466031
-0.029838515109331554,-0.05542853191331931
0.18835510825750923,-0.08650876093505055
0.038551363363903746,-0.24242635586118788
0.13689242662312473,-0.3294794215567419
-0.13789260893065647,0.09337537600937496
0.031027609548487378,0.05366536088499452
-0.08557154979764026,0.04711807800287571
0.17665775427412056,0.07840474510280959
-0.12739742846934132,0.04527070181980131
0.010837515189534908,0.14016640371174627
-0.09338828798231902,0.0853516000279565
0.04464650435435935,-0.00986933217211916
0.17341611670353363,0.07611161242056674
0.3262120435585103,-0.013080397070973415
0.0942629963597138,-0.14280759991281244
0.2805338036556758,-0.14622974403533318
-0.021621962456068067,-0.09777129569693088
-0.09072085556274478,-0.21163308162809724
0.07547175702894693,0.2040452195270448
-0.053460764811974815,-0.2999627852332598
0.04706725693099156,-0.19546478386943156
-0.13607117276352487,-0.0653807132378722
-0.0783002743411545,0.1557843703584041
-0.038225784399424034,-0.08222397855246422
-0.12555615447427992,-0.05480448538642957
0.14377845896591346,-0.1257427306023522
-0.04347756859755425,-0.06823684708918853
0.18241313792336233,0.0795577273602951
-0.13403903000346862,0.0557656374443366
0.1252595403284028,-0.164487101661418
-0.006539832997825457,-0.18260698558214472
0.03390011046024166,-0.17229249575277716
0.1012844848578136,0.07987988612740682
-0.19601905941698639,-0.05791716802262725
-0.19725462088484402,0.1038025833123043
-0.06080441366762124,0.14252605299517573
-0.16404057348281775,0.13360640102731813
-0.12297827376591486,0.10018840989049194
-0.08299258367957674,-0.08299885217954917
0.22930237060552483,-0.06885623716033284
0.10442367102624328,0.05267351900594075
0.17891576562826694,-0.07951369219851279
-0.05274583515924958,-0.30297900162175406
-0.011902305873275676,-0.15312524449178322
-0.12487722996967132,-0.0970969329225827
-0.12172563425048266,-0.02775400759363056
-0.13620541266034636,-0.19831941346189064
0.1348794514291065,0.14248161933778447
0.148439622181469,0.17300658547171288
-0.31120429056967847,0.017483698088620714
0.17987559501128803,0.14195039325468461
0.22082796376965552,-0.02875209592848471
0.08891486235489288,-0.03510817787999099
-0.003838745219091,-0.12458757038299828
-0.0626876567198077,0.15057970076578986
0.2307285677812465,-0.14475674004421302
0.2056949138812062,0.1720205050395942
-0.08142614759707023,-0.05129573176701785
0.2127226414764113,0.11126419515506536
0.05054716325942299,0.19461494997753137
0.18462105743928203,0.027760577044031676
0.023875554439434676,-0.18937663627356727
-0.03001575566774506,-0.02734689269910784
0.0477431570342568,-0.011463758724329476
0.2653336019987548,0.06614449272015421
-0.002100425576513132,0.011608107715638694
-0.07456230045828949,-0.08343093201498264
0.02603218108442651,0.17685406627937228
0.16585262331843798,-0.16391727333434725
-0.010441049799295277,-0.21312363409158086
-0.07550572580947634,-0.22044054311833905
0.04291822730026573,0.0542160936367343
-0.2294215984569613,-0.018599611520800252
0.07022987129326652,-0.1352805477211677
0.019026436459734897,0.015216774048008253
-0.016994095429570977,0.012088367752658646
0.20052781688380583,-0.20173817476357625
-0.052422914581383706,0.15509437595523445
0.1118140830813309,0.16801035205430737
-0.05917828761400268,-0.171874081880811
-0.06777806645465001,-0.12020532226166525
0.14215523168817235,-0.15347922952019621
-0.05702010555138859,-0.013312547554609755
0.12223046150855754,-0.10066217278339595
-0.0067164609922670815,0.11746842897655962
-0.03316501354988943,-0.02716827679120637
-0.21283551094299336,-0.13452548594940772
0.07461376984895796,-0.197138953487479
-0.08116031662609446,0.13034949534598828
-0.3354702361435614,-0.04898392316885869
-0.07469742178156014,-0.03698364792603326
0.15910369489885356,-0.03386916159773046
-0.19219441164240003,-0.110357838708396
-0.1043137156837819,0.020569315497126928
-0.10449925650938119,-0.17842619670303905
-0.08829985766267268,-0.15356128794937907
0.08128275242152161,0.13714070166157588
0.03970645884183133,-0.13345160732338557
0.05568382465220001,-0.18363840168376078
0.06121737310981723,0.13522238795721253
-0.13715283424894176,-0.22080727327700078
0.0061221805695784726,0.2490848658347572
0.09144545731398113,-0.020071916354825525
0.1795220320161487,-0.04360303106806107
0.1396595306227525,-0.11956254236819519
0.09632272194122982,0.15570807581755453
0.05666032579062752,0.25207927657888096
-0.16970219140794107,-0.21052450767900255
-0.18806279758405509,-0.030024729795629868
0.01471273911141302,0.24013825452251125
-0.19849873805983764,-0.07445156469870806
0.14223923201564737,0.049804672611158285
0.1158513717845433,-0.042252672296304916
-0.1175874210361183,0.14287615916329421
0.06032397631272113,-0.07748488405014442
0.014447550492141858,0.13535252537681708
-0.16748491894996598,0.04344375288352986
0.08083678932520211,0.025788254559707124
0.09940647685942872,0.1304121480046716
-0.20976526658826533,0.002779437896775705
-0.08432091083874671,-0.18185607443500507
0.12223349095305602,0.07965723456073426
0.18088891627213655,0.17369944107980317
0.08522057187677612,0.1567602709829682
-0.3014703392900422,0.15781855557227875
-0.08477377566544197,-0.05671153404122964
0.029090524203746138,-0.11152389210926217
-0.11847114833716677,-0.013441053309912965
-0.00983518334595368,0.0250800589347131
-0.2688114673967078,0.07842657148930088
0.06871622074844053,-0.12918867459412453
-0.027906931798206358,-0.12671113745028917
0.0839175724353165,0.1516918977415611
0.16906410666890026,-0.09834829337298667
0.07240617455968623,0.16088264546993059
0.018315049665721173,-0.01188587170783073
-0.03944637005571339,0.3052518986175261
-0.19480875763773775,0.06926721336131314
-0.0872485527113469,-0.1252708995381726
0.16681047010359695,0.012179550501518976
0.007200796419608579,0.08942953690536992
-0.13972236340339061,-0.10860357108423746
-0.07666745635758643,-0.11117728644865132
0.22439330712161765,-0.01140552660826244
-0.1160987650457217,-0.13518689950533225
0.0008805353570416896,-0.14327749503176157
-0.18545875938670964,-0.2593894384127319
0.12801829298851675,0.0034156519412533726
0.19403762349958054,-0.008383345869933612
-0.07836878807181058,-0.043639727453573474
0.05887390973498452,-0.09684156307703007
0.03606287702640276,0.0746531638952821
0.02097385557434661,0.19825873719216525
0.03453345553686504,-0.10329764630354799
-0.05510676422250527,0.06242412246291351
-0.07337420616345414,0.04498690277422923
0.06984497040372606,0.23453474426367205
-0.1546248615057374,-0.2595958153915743
0.1732041941648903,0.06636803907274269
-0.09340275510984586,0.020084639371235724
0.050672806596580466,-0.18987074058897813
-0.1169915719715271,0.09280127088445456
-0.0028352696410447464,-0.11483444808022125
0.15041943897229937,0.00783196974123912
-0.14834312061826038,-0.15189904722645153
0.23206995588639012,0.11706669753214805
0.11176537935852882,0.2805899331676931
0.16080816748497073,0.20482536995204748
-0.14473968593653397,-0.02369867488929278
-0.20683925112351353,0.09056863075387023
-0.23619811967910576,-0.07905605382346526
0.02012797594120086,0.2325699564219369
0.06536095659845831,-0.030656841853713646
-0.02630575348707609,0.17056758406663153
-0.013625785593289419,-0.12453109309572852
-0.09494848477814066,-0.12360195866889534
0.14049778109867272,-0.008329831268758414
0.04095442853024722,-0.11932591061993691
0.262432448790315,-0.14418541745077962
-0.10961149962030337,-0.008938350939905249
0.17142360642282417,-0.05178337888474149
0.15519542267575281,0.1868102763245032
-0.042730082911022205,0.05235067173013341
0.11175797724327452,0.15661547541233523
0.014113348574770312,-0.17314127515663125
0.11035234159963403,-0.13301532416282846
0.04485646317441483,0.13997705710347885
-0.04978598193509598,-0.17735494296498566
0.11960702759872943,0.049161290888781184
-0.12011617180743617,-0.019953872782568438
-0.12725217837786174,-0.019802285838895983
-0.07357898968750154,-0.08288131404406607
-0.018258206314514025,0.10320594160444851
0.06092156420210382,0.27303625026736655
-0.09142966850375467,-0.19739420833327348
-0.07863672414832179,-0.22936113924964197
0.20443889936701776,-0.14573900494546588
0.05308989914766016,0.08225193995038838
0.12229702396546238,-0.08547547390967525
0.2998239586489939,-0.1557423869227944
0.15979827061307295,0.03530388912372351
0.13512956363091777,0.0024477337434443136
0.07080020502751927,0.25469352143254276
-0.09049342153301232,0.09725147779858812
-0.0400309355730919,-0.15060859849437946
-0.01604337844171555,0.21515422411391283
0.26400448884224903,0.12808105517548518
0.07103781915465068,-0.20634244729533524
-0.08327258926358894,-0.05261176879947782
0.05165581115050821,0.030393349804503367
0.24849095448391334,-0.15055491646003027
0.12664807402602385,-0.19516167400339046
0.05528565357121451,-0.08654809616444359
0.13555331343998955,0.12664267043273603
0.20072316628997766,-0.15350832145573046
0.12840327568982812,0.1308269339250041
-0.22777873673974602,-0.15919126064816458
0.08788572676463424,-0.15767075901844663
0.09119804872640525,-0.006555495899361108
0.13209433299623508,0.0570755895603563
-0.35553140407434336,0.11704930956720772
0.0735676441058638,0.06468500901023666
0.15708492545329134,0.11300928851121794
0.03016887089196596,-0.1458039873953758
-0.11666427430603865,-0.09980616095811445
-0.03155597386770148,0.18414292955727396
-0.03792389559476317,-0.2868773325323565
0.1396780616925688,-0.17686777083098082
0.060501295112502684,0.00043110921712097294
0.07997000269362087,0.0878208040544799
-0.23763980275409313,0.04559862753695876
-0.07616553332199305,-0.28291347481160356
-0.10079748745659678,0.19280036048139104
0.26948346374296583,-0.10163490340193038
-0.044553949228482104,0.09604703939556569
0.09054972786670945,0.14320947715727284
-0.08570480663024571,-0.18637825045757894
-0.030968506052200806,-0.3664264925177183
-0.001125275131729997,0.22304955898965328
0.09762971380274732,-0.08746618619990731
-0.027983027250861325,0.06487122734879947
-0.15125824318979275,-0.18124643588717437
0.24173801678846996,-0.07925777960432923
0.0480379834398067,-0.08462246209682223
0.09857538973555058,-0.20873222608973718
-0.1720144834509274,-0.1973267398864863
-0.09137216788797697,-0.10060592940682167
0.23048761962198938,0.044597918007265536
-0.18660100515617595,0.023414042747485153
-0.1328954642621052,-0.14918965945213014
0.12281974058214595,-0.17526834499680466
0.01630183866350443,0.05912542201673088
-0.03837388520677165,-0.23122056886519937
0.24041826778264852,0.025096241702586508
0.05608381330724599,0.12146379738619639
0.15450395181415433,-0.029171415747362817
0.10709487158994091,0.20283654351422276
-0.16246887131461807,0.04590643108872061
0.14194212237357373,0.1009556115397684
-0.1900425637735509,-0.019744897699882857
-0.2490427501779353,0.10585730396580095
-0.024164843650537837,0.04279981511330666
0.12421414154850396,-0.09281094680829749
0.06262719342066436,-0.008449406168557827
0.010658160689410168,-0.2157268315680676
0.13870923636927968,-0.06655854396499383
0.04272428791714489,0.020572773248184073
0.11366793288278754,0.24873232080717744
0.043537985765640164,0.041695687855144326
0.15569874176116616,-0.061707970442019144
0.1829242064118486,-0.027282023014347123
-0.18177949353622747,0.13930376497137986
-0.1617039098303109,0.11069218222044985
0.16641213870915295,0.05887483785152536
0.1262687870913396,0.07706668142980877
0.19610665467987354,-0.012739883061615331
-0.1227946406780479,0.1357870348836756
0.24460328345334836,-0.04614777264564063
0.005780117827872466,0.13633222144329238
-0.1773055327385893,0.13750767483356796
-0.012040234881249057,-0.36749884050296455
-0.14818811897082018,-0.07809214962819577
0.14500174004742206,-0.12269439248264724
-0.09991127097795205,0.020440593153264186
0.24764945789894788,0.08983934758192957
-0.05202991690066339,-0.1546211039417419
0.07424488288297626,-0.14138064188983035
-0.12498506439947865,0.12197961162987381
0.13919896231562412,0.026228223287296237
-0.154667605850618,0.18707525722458196
-0.22216894834507084,-0.07437917917562686
-0.03457123984555832,0.07405506388641026
0.0488445786600018,0.07104717779292469
0.21652593896204464,0.0532908961786126
0.06492368183246422,-0.048101111486547166
0.09825905171938265,-0.07337552884094811
-0.20647800126546056,-0.05889539282826628
-0.061680229651870255,0.18053521964615993
-0.1918133207646685,0.048845642421510904
-0.05660922171783411,0.123239945549522
0.11236007750604493,0.11077356829181217
0.1721370300908297,-0.07089065769452418
0.10951680531895691,-0.033733058129653215
-0.031691727523831315,0.150141897655663
0.04021791897583138,0.11231620452988678
-0.23317641350642349,0.039114029643198434
0.06161238849703976,0.09256359038459072
-0.18388577908074943,-0.15106921339694412
-0.043436567142917326,0.0640385477960782
0.017715626789997385,0.004077303226794449
0.01855605391578774,-0.02789649158425156
-0.14409410455641103,0.17965631621109612
-0.13532017803625174,0.0687623519870112
-0.0625117105394255,0.1928252251309983
0.046285357071679134,0.15690860207754642
0.25305733986605006,-0.006925697049037671
-0.004363836244617225,-0.074237904828933
0.11558054431409737,0.22473639727731554
0.009671099439972908,-0.11477532190974715
0.029003568457966478,-0.16489685936972975
-0.1398187595254945,0.2730396913863834
-0.12354280645770721,0.11049010117466751
0.06189004442446755,-0.016778072193546878
-0.037031962647528505,0.016327285837247074
-0.0182815532146694,-0.07807337667455194
-0.11990482711139594,0.1996905962975819
0.10500896851057795,-0.11991091621414596
0.0024007516166194565,0.02115636742421456
0.2711646121844692,-0.09555631807207354
-0.19168789273846887,0.018134898663796584
0.10219363677037174,-0.011285709132813904
-0.04615549329239188,-0.2860942478970283
0.028678052022544254,-0.048003133692689826
-0.09250706998455449,0.057093751183585395
-0.1306372971274974,-0.08657282342590078
0.34637098346613504,-0.01332374732343855
-0.049517706650586746,-0.04704155684370559
0.019593140087171057,-0.11557686153173585
-0.03979165290850917,0.0911599502239826
0.22688311218567447,-0.05539840187068634
0.12915476736324816,0.08849858808377908
-0.15708402284248513,0.04967447099131639
0.08329325807616084,-0.05619431097277028
0.0467799340815831,-0.028281843996527445
-0.03409199220555392,-0.11498713561251872
0.06103133391348381,0.20445268106724734
-0.10087809261741187,-0.23941230160351512
-0.08279838425334185,-0.04744783531278973
0.03542154085766114,0.07699202760159018
-0.09337977300214029,-0.23833106468566934
-0.05080995244324105,0.18235824692241942
0.025247594316482935,0.29538444174594514
0.09550962319526102,0.21186589769685527
-0.07488502127913432,0.17008760571189618
0.17885675352092778,0.020639916590156404
-0.049350052373190345,0.07801379909173056
-0.16903133218678934,0.08551600479256838
0.004328851605051365,-0.08998076111158759
-0.004434760407705518,0.1460293765311157
0.12337747439624691,-0.1569167788379361
0.0952237389719306,0.12297167296431877
0.03557797513329142,0.16746608794236695
-0.0011246610215061015,-0.05286787783950997
-0.16585719007753552,-0.13453726274687716
0.22166662903608836,-0.08078039334769638
0.11494233399337217,-0.15421841361873134
-0.16143766210674848,-0.21457325721683085
0.1246040603145776,-0.20584011833416693
0.1377434849402892,0.10124700673520592
-0.047339610329769966,-0.10707406761494476
0.17833316725429194,-0.08557411869347253
-0.16276197212745958,-0.10154619551555999
-0.24755504001916195,0.07363011859182556
0.14485490999199235,0.08310560705387637
0.37591009994728775,0.005368343098649753
-0.15387206620904603,0.00769865089149413
-0.1583904424818644,0.09266853716724799
0.07525896519852182,0.3264056629546629
0.019230471840080532,-0.08408544917820637
0.18371577547568763,-0.15233174762378232
0.136687555069805,-0.0935634781389687
0.09860489706170816,-0.025816138682060008
-0.15415217932970193,-0.16603175853953234
0.15107702121729571,-0.07778585493809342
-0.2809753396716703,-0.052604306949078805
0.10219662065206925,0.10249334727005266
0.07413493848425756,0.2083693371680898
0.04755999967411817,-0.18630325236894107
0.025836669213324392,-0.11398399225256894
0.0042548571162085436,-0.07128099202145177
0.0932547014116255,0.011455753230913412
-0.037125885453376584,-0.15263064002908344
-0.060580912562683165,0.1989234458092891
0.05596778137349778,-0.09078639617274264
-0.03658060918870454,0.12815802056326853
0.13928213849267557,0.1791491464514725
-0.27606204277054724,0.07407856971392757
0.185755053519163,0.028017535106240277
0.16063052279123102,-0.07426739586492703
-0.14286736212805629,0.05811790354652069
0.13027387569626414,-0.03767495172444402
-0.010572206798964978,-0.1387516554228313
-0.032395310275671774,0.24745904514022998
0.07984372412680185,0.015237555261380376
0.0647760415031835,0.12051851746028619
-0.02012447950678109,0.26788801911625904
0.13852775441724297,0.11404238351077856
-0.09102629175692634,-0.14061780896751241
0.10110933216559703,-0.15273302186976823
-0.2162413142526901,0.1508509228839654
-0.28836967081205345,0.11006491544173935
-0.1189198497726709,-0.14007200340893955
-0.11478922232224187,0.02352014931051183
0.06069342857238491,-0.17204787888108564
0.035608503558104854,-0.13936202656905206
-0.22022337564070738,0.04433718894689298
0.28547895545727253,-0.013463122406676464
-0.042902467156815116,0.10295160126699499
0.1081474218405758,-0.02581275776240055
-0.011529793523691212,0.19689158943804186
0.2431754609176181,-0.0705519335740914
0.23170697946095342,0.12247658958359964
-0.2434753078384606,0.04219510156680417
0.16028382253903284,-0.07497435396149343
-0.2413406852223413,0.0725229857993096
0.0825755862439147,-0.07163689616141955
0.15595189678344867,0.16119385531071595
0.1748650669863795,0.02856196780903597
-0.04448798655044284,-0.1612273227068035
-0.13130480710860382,-0.07250942224338497
-0.03728383064963636,-0.0904333984630834
-0.10132356041652901,-0.012962372309940684
-0.1644613569784984,0.1234755190562149
-0.06408900882016566,0.13703437838783739
-0.10342050269719882,0.1635914903417648
-0.05481321004049877,0.0543291754833527
0.0752021579547103,-0.14186700074093173
0.012685118500061154,-0.022536693881961445
-0.006532949863981785,0.15927159849315464
-0.016874384958207145,-0.027766424452231764
0.0038202708835730625,-0.285995059106011
0.04358768774883859,-0.19514854185514752
-0.23456013528916075,0.04520762869910522
-0.1020233340953548,-0.15949787582138508
-0.132283549988659,-0.20675694175821646
-0.2329172459054769,-0.04652860274267612
0.12395760403048728,-0.0738122469395891
0.22196118768915218,0.06978942362691043
-0.1579762485299483,0.03277564769614072
0.11654001559965343,0.16319844826495067
-0.22061030128723336,-0.039955597325447845
0.029080338301099684,0.15720027293240357
0.09689045942376373,0.008432351735107368
