0.13628324735372543,0.33053414495882727
0.053002680558928095,0.4212486655387868
-0.3590901804651454,0.050536795757123665
0.07550562212470568,-0.3294924804718433
-0.21682199620931586,-0.10741906079509134
0.2261944721986262,-0.12551988322231034
0.05829637576382751,-0.39374703108052334
-0.012858489248347205,0.09249846574286291
-0.11963219515247059,-0.21055469514043867
0.2880408032301358,-0.2197603950799043
0.0939436868100898,0.35895598205265333
0.013363772139119545,0.03325765067226927
-0.040932985581465076,-0.09418599602020028
0.10577437990206917,0.2551584060795842
0.03517867601179314,0.20428400824731985
0.10769633988391258,0.22597278247227837
0.3729554563918245,-0.2562161951948876
-0.14169869198429796,-0.2144860616274613
-0.33386077755311416,-0.11925197001937193
-0.07277593811269911,-0.3008074825957756
0.009798578830508387,-0.10157173243973716
0.4153385542906476,-0.10828329913877321
-0.3410184434521091,0.1188446329319579
-0.2498501093867267,-0.1821785326800518
0.2899753161227183,-0.1350744736273486
-0.3673333210648029,-0.11600925585040067
-0.08880698819958877,-0.36253107623634184
0.276290545086014,0.29891881951473476
0.4159684693214658,0.020780404317960688
0.0940649847893229,-0.06532826659960489
0.07371063082211138,0.3650303607896941
0.29581457635309927,-0.022941730597015875
0.1769716038139877,0.244937693199889
0.05275623034345234,0.32943595933743985
0.17023971050342723,0.1880129550109495
0.2709662267529398,0.20815522132385889
0.4393337655366427,-0.0035100146609050586
-0.05294637988688988,-0.32425199064440635
-0.08520427612056336,-0.4010355530300833
0.12377974761020871,-0.35180941621022543
-0.021869648761878357,0.21670639920511658
0.09108931117949304,0.22407297777395563
0.10515894283629867,-0.13841012002890363
-0.3941681050893604,0.0051569783696301386
-0.12143675748386151,0.02520406393113328
0.3923941113690259,0.048945082070078305
-0.05935335733285263,0.24744125835783604
0.0507466565675736,-0.52262642380118
-0.09201537557828954,0.4614335781100751
-0.025966691579207835,-0.33834181299206145
-0.12074386203647425,-0.3084188695168053
0.041764153344993726,-0.5469828302103141
-0.1485501636934654,0.24830186732318538
0.0512475967431647,-0.020509343279926373
0.06882859014273635,0.3085281214803728
-0.09076441663898782,-0.3076661118683377
-0.07994585073266669,0.391607916764831
0.07809391908050678,-0.0022316979889658306
0.23617493117070376,-0.001360976920092405
0.1815694057614856,0.01589122649170127
0.25481093349692796,0.06823192545226808
-0.0987111957894049,0.1720049227488365
0.34683073728687663,-0.1107879824853919
-0.3096861866994358,-0.2138969857465005
0.3291451533316756,-0.14095752332489764
0.3257452514549475,0.08847701391893992
-0.10885825905098367,-0.281208512353218
-0.02363389281049444,0.31708316119705815
0.20526519267815457,-0.043081505000553966
-0.2000893249872242,-0.2919247439269932
0.2662216266916093,-0.0035686137722334976
-0.37602364080450124,-0.17344814256310515
0.4567306739776493,-0.07107643452424472
0.3962134717657859,-0.07328530811358624
0.14952511694286996,0.04501248395150359
0.21060862722059803,-0.08197754959776082
-0.21734836520905088,-0.023769387363002936
-0.08141955749905994,0.055087054883403486
-0.06549648970582167,0.08573912890359092
0.21317077761566594,-0.17382791166727274
0.13040994480278,0.21922722058475808
0.1261115975355065,0.32724965031588726
0.4474769793871298,-0.01706009551931853
0.018495887144731604,-0.23906812948059963
0.038479114510234114,0.19032126420984663
0.09380644666247195,-0.1457777616274165
0.001107719662000628,0.34224951842864093
-0.4233455101272796,0.011064887179773386
-0.2551564381498119,0.2856788574373106
-0.13222804300594837,0.25911413248430715
-0.0645099178566575,0.0973303827737495
-0.21604208029431904,-0.26281303961249325
-0.15654983176560155,0.16379361920741164
0.13257428350978184,-0.324590327775808
-0.027730613602997556,0.2815655268419115
0.3853468960637578,0.04595716321120502
-0.013059999247067688,0.17688922747989655
0.17855279113595146,0.011880063554059017
0.014077952101594127,-0.001600771032397752
-0.1595326611920309,-0.03310008434290701
-0.22757756282190678,-0.03965003786170862
0.4266356184805489,0.050444102417563697
-0.11204321740188128,-0.3299579727656836
-0.26595779649593076,0.21494953126668226
-0.06155131612305298,0.12261546301122084
-0.04037266577305498,0.5922381855809407
0.05840165270079023,0.00716912278065629
-0.14644591978224986,0.035277637551000884
-0.027325480190724782,0.11806269274750925
-0.08668741613273179,0.032284779742349556
0.02405856987817634,0.21521481130343711
0.4559981741580128,-0.0622753699601204
0.059550983923983614,-0.3421236223509907
-0.005872333799451512,0.04661894241938169
0.004500310025287391,-0.41503695690163944
-0.07700642154405735,-0.35653037877065485
0.12461677660856618,0.27511559453620227
-0.29958887987407845,0.09646775592331225
-0.028340683222428442,0.132746592998779
0.1887336839975513,0.014674178465739374
-0.12833173874314774,-0.2600869244688089
0.36033507897822314,0.004373753156801108
0.018189347767657127,0.38069522354556007
-0.054645651878334034,0.3016838243804565
-0.2150719431375019,0.2889630788816495
0.1001772703745587,0.3593376330454159
-0.3163457939664718,-0.01779842103290119
0.23225675537036095,-0.018896326986251877
-0.3521766521172529,-0.3485991137493871
0.44318948035075634,-0.03128333106350545
-0.2823701107663785,0.2013374188789525
0.27886253345798306,-0.07979102817455486
-0.1862927921816242,0.29273439374825694
0.29439897265666515,0.05374030098648719
-0.3399716916489728,0.06466119810183812
0.028436913227215976,0.40867619744577
0.16144916079354554,0.08213662697539181
0.3563850190295681,0.14667049572730084
-0.09957525176371074,0.05549468923246992
-0.21151531496308484,-0.014478220959416532
0.1960502565712552,0.034295545108349534
-0.003789832335566512,-0.1500779798762828
-0.23060652635279077,-0.18213260147567722
-0.15369479850375445,0.04096856342326327
0.18428321424819916,-0.2264449957773229
0.04083042018445138,0.24357964518862496
-0.3246574913277813,-0.16881245139796874
-0.05284007986594763,0.36250198393790845
-0.1496759797490823,0.05156336263130967
0.2767559021193662,-0.0930796773993281
-0.11387219314679564,-0.33301568055031283
0.03429075648323732,-0.28152371295175316
0.0038204385119509077,-0.3053405154458664
0.3406182976029608,-0.05475451760530503
-0.0369167449616874,0.23157990116648874
-0.02267272062098602,-0.2800094760539351
0.19186701349450042,0.4690195833240043
0.34428199165260787,0.10397798947687065
-0.15316905110612855,0.07851884311833168
-0.04089843595186826,0.4200147308685036
-0.08591815055799712,-0.2843026135215425
0.33061910005172357,-0.13816510659509085
-0.008717209152003358,0.2956307633124793
0.041516440059441884,-0.029378457888693754
0.10527204080748076,-0.01480191645388751
0.06491025050970567,-0.19444819164489924
0.1531269684754768,-0.2111135942937119
0.09445679211161817,-0.2865628408901
-0.03236313347831565,0.19035830909639295
0.05275638696788332,0.25034222426647657
0.12116015057807417,-0.033041967250447835
0.16021568921337348,-0.2144345482680572
0.1251378179340319,-0.0832430453204609
0.055990177553427944,-0.04893568382943925
0.12394767308110022,0.11953937524303382
-0.1388023140961543,-0.13162835409666318
0.2942486301820133,0.09879822806970018
-0.12989840364271532,0.11302636753813622
-0.09236438080796949,0.1763113333859465
-0.18107797131101844,0.31083309974383244
0.012812235117488191,-0.054861049756139924
0.051783355813863174,0.17764790776282635
-0.2501256199030526,0.2898734969580514
-0.395842482810874,0.07749516535489764
-0.1489994305586051,-0.17856028935239077
-0.41223993543252857,0.1260700204054439
0.12893369868759663,0.20039727856168144
-0.11176798410681532,0.3317480008768212
0.0782027617860499,0.11125036632341345
0.05161617753633618,0.2685835523246074
0.03054957275760173,0.028884257509003808
-0.11506352992996627,0.08586884233749825
-0.34119530116505015,-0.17551027562926835
0.053986441813845376,-0.19124854338233832
-0.4343306290290043,-0.037473897679318746
-0.1909137815242299,0.2092311961872757
-0.10644241307229074,0.3615905900230094
-0.35168636189101465,-0.06180384072986311
-0.20609792748025701,-0.16633909398886404
0.040482170174066745,-0.4281609733778262
-0.20771654132708695,-0.40163798497447156
0.4767939111850865,0.10293153431836166
0.3657536280496587,0.014273022593093376
-0.1442709846059722,0.037518913895100425
0.16240502580411054,0.3014406006052046
-0.03641039439070104,-0.4909533920121356
-0.28413264581780795,-0.03257358914957109
0.033572614784347365,0.25497157303869056
0.29212339006463073,0.26265704263876555
0.06255500271856307,-0.30556637932846953
-0.009540666260491104,-0.3916932126443875
-0.33238705491120313,0.035747878194943405
-0.09922920419936432,0.08315375638254041
-0.10048184783769343,-0.3460404178077008
-0.022381337101849974,0.513977533887437
-0.1619733646632877,0.12525635138609892
0.1603029529849036,0.004284078524577684
-0.23031857198861294,-0.06590523954292626
0.25266541009355725,-0.08952488383927348
-0.2826787728578577,-0.07933612831751669
0.08558231064200172,-0.016748432297082116
0.0334305990948609,-0.025863905033314705
0.04833648738805718,0.3489489387404794
-0.13243236109893353,-0.329047938883569
0.13072405043190138,0.13283822624473762
-0.31971727972848996,0.17060503535756655
0.39180452106423114,-0.11166757919519466
-0.18529467735219218,0.12896318620682523
0.11539752893204636,-0.4840930657729825
-0.2442404849676607,-0.09334712320828653
-0.04454719159101783,-0.04339842805503924
0.03445534942747219,0.18046500825017153
-0.011595022355293194,0.2722201210595887
-0.054776261849362795,0.3581651315006731
-0.13466762682933964,0.08047110242606093
-0.005503526793954272,0.4472182683943171
-0.27005481161438905,0.019635446343951646
0.13492487287329635,0.18753927423988492
0.0903672540657563,0.10689845679939514
0.24677747198518074,0.22076557313502576
0.09491890489502719,-0.08111858961828311
0.18752154303334945,-0.16368802814002925
-0.44194557951411517,0.0035059899363032443
-0.1377573023242864,0.10002011141173983
0.08518547135357268,-0.05621356714705961
0.09558708052750253,-0.2638240064960793
-0.4235764354853433,0.05193753878660656
-0.2678475151066071,-0.14748777052185136
-0.13794573674144894,0.04924198054884865
0.10513773242749691,-0.21915444552346286
-0.27798939222909547,-0.07608023634800976
-0.12596309446111764,-0.05145919575453495
-0.4572379368618893,0.023640298561518502
0.1073521059093443,-0.3325334730193177
-0.09268584410171044,-0.3845939492869759
0.2656084740630602,0.1293212161190429
0.11960925479363249,-0.023553725298303796
-0.03823709446581858,0.23558072319621437
0.024913245944627738,0.3340171567514765
-0.3151476258475763,0.08132224934388543
-0.04846974458294717,0.037797768175105384
0.09624555450084271,0.0314706140819907
0.04067396454727801,0.46651799305569175
-0.5078427078228986,0.09102913182583428
0.20029920321640438,-0.011332668561317982
-0.2710800409917966,-0.011291009439400312
-0.2591541035193694,0.09556978679481332
-0.07878459709353769,-0.1956223317588368
0.1098222075612707,-0.14336796863479084
0.07937488796479175,0.3907423576914031
-0.05286423256137818,-0.3539940412248328
0.3601816705719063,-0.2501801409283413
0.11304201474178988,-0.2069793795660697
-0.20114924644630028,0.049456379660651306
0.12233324592674144,-0.327602456772605
0.4039394531607945,-0.05646005029605994
0.2187070979317136,-0.1586113320115865
-0.1310805502006318,0.26957129181186557
0.13396005965299018,0.06316918006756755
-0.25599623169029506,-0.17278173359946902
0.2771807903466841,-0.17770135319306668
-0.16320469298781637,-0.06508309576241644
0.35895596800277696,-0.015874655123265136
-0.07639069173106972,-0.03164630660964707
-0.05455631056397614,-0.26168625361462383
0.16891570643653608,-0.11129770792479032
0.3101260470152758,0.030876744354092045
0.08417367152531408,0.21405500479715367
-0.3639471720194156,0.12092048718152815
-0.1887984608236093,-0.391861213396695
-0.30635551025699015,0.07823384645060383
-0.09713317596103321,0.2649827566905558
0.3019599010082017,0.10235357298876813
0.22501660334496876,-0.1768900520365877
0.3554936636712267,0.17098860156393214
0.3631236129471309,-0.035636105754500935
0.03816649057702981,-0.343472400917334
0.05920796549196505,0.33235763633937365
0.06763291408706129,-0.1581836582336693
0.36480540185391974,0.12199501975049976
0.049838175959210806,-0.006207132507934698
0.1720526656808945,0.23165944730062193
-0.13781559495558682,0.2118463059604767
-0.2528016777934614,0.04809748543090353
-0.28605205040109527,-0.04334255498787898
0.06526417575861032,0.088187196699125
-0.17939125131724998,0.22177748356779592
0.00573219499063371,0.29576383840515286
-0.08979912166443471,0.026796230660442344
0.15370281163743726,-0.17460308188006923
0.08835754559408726,0.05641784330387245
0.004726333809908612,0.2137759457274444
-0.0637563075496197,-0.25333709900737245
-0.0587096310607329,0.4160563355238014
-0.40374517191175485,0.14023121063484645
0.33415262331625484,-0.09108081788951528
0.1110282871360444,0.3516040760752106
-0.09979334442273102,-0.5222181091985356
0.11513979012522979,-0.16999601537079556
-0.11560990033682139,-0.22437713868267117
-0.18039578064552808,0.2181388102954982
0.2796287593336111,0.17793577377684322
0.1539011626570539,-0.04087750374455679
-0.206746595977658,0.016957060043993888
-0.20293348928523236,0.188375678980937
-0.24128302478287456,0.0014204135313651278
-0.301618067583453,-0.14146258882715745
0.0035059320478312284,-0.1361661861586836
-0.09944372249822098,-0.08235527931075293
0.27944057932973676,0.20548182107346036
0.15881280117061158,0.03270840133468922
-0.1596821104921473,-0.0950346432941529
0.22586214050107434,0.15936792446005987
-0.21882759036863164,0.11302568945738534
-0.06392471946104283,0.03714227992263641
0.31598507684514154,-0.13057465259654788
-0.36491460409021603,0.0277461370623604
0.10511496457574077,-0.23977550019649296
0.32925709099245415,0.048661509711350304
-0.45940591616075044,-0.09140680247447253
-0.056029814029769476,0.18672043885702805
-0.22033124535652804,-0.11527808967737152
0.25790222712704414,0.28243350972044734
-0.3054451380695602,-0.0777402146042987
0.035837127728063134,-0.29658042067378076
-0.1581774567501948,-0.009208535777448512
0.16583747300848262,-0.178862849304811
0.010704448835392899,0.40109215693236866
0.1482444357912971,-0.09509087978162412
0.2071458228363776,-0.33276116038776404
-0.07619210173708946,-0.010089194329416351
-0.07445596759802564,-0.31854456647452967
0.09606605789125,-0.0016692883890694343
-0.16642000848640626,0.220198317223949
0.25299473812065765,-0.04805618782031029
-0.430436278427754,0.018169586280542438
0.05159821116920549,-0.45453702183188227
-0.21228452933206698,0.2112003401940774
-0.03047444090234852,-0.3289414993398778
-0.057560786183371127,-0.3478253277431387
-0.1755778716055152,-0.15294348103798905
0.025987109711154366,0.25407503783866225
0.3843819734979961,0.05363280439402551
-0.043025642609390236,0.1088952977734754
-0.19899190506609687,0.07393316342612133
-0.08317813967871435,0.07359202990810876
-0.2936554605218449,-0.1477455306018085
0.06837009779331504,-0.08006981176037464
0.21973862314347836,0.0547404711587367
0.15875939728047772,-0.3677837131758488
0.2477778796214145,0.15907469348134073
-0.2603907136028174,0.11933814724961378
-0.18136213995805872,-0.21444687693030318
0.2955937893314249,-0.11081182005529167
0.3908889018634192,-0.1298606663209656
-0.23660428523873223,0.03892743032016943
0.03458232964815955,0.15662046569080412
0.0460072195921315,0.22482321527973936
0.2028816045268802,-0.22189865141007958
0.2965318247913047,-0.21213946086737168
-0.12272147489784557,-0.2816172341839165
-0.1587624679276347,0.14998860977178818
-0.11761510026928179,-0.38405173586352426
0.3353997774421784,0.0937727602447751
0.34896981717994824,0.02458061706614001
-0.12702086592407835,0.17389182321071806
0.2612158076168478,-0.023494125392595766
-0.0032299455230930807,-0.108790487566923
-0.3073008839800646,0.0629377203892747
-0.02618253225821543,0.007002485762909849
0.3316341414932358,-0.0484933990133658
-0.10854899921327288,-0.09608101568968785
0.18946383873568906,0.30807568805437
0.33091925387728915,0.1135866014076301
0.07901322270187872,-0.01110435218585848
0.26469848306054145,-0.27014953541340114
0.13240839339691246,0.2531651275602542
0.3821419276989364,-0.026413085669945158
0.39115496644163095,-0.08460218469883607
0.13211618745749676,0.26449508683608913
-0.4137913510966782,0.03287758835207821
-0.14984833249504992,-0.3427715665562814
-0.08596644061020542,0.23552662553481674
0.040943919923352334,0.1116138021408768
0.19330626683838115,-0.07841745226606944
0.06540949013736386,-0.19920098948464515
-0.17668144175875788,0.14667918349590514
-0.0015640561916827611,-0.12964254933499264
-0.0789801533142378,-0.15300656410704483
0.2504163804504904,0.16847328134259443
-0.27250607484463507,0.1203511190796247
-0.0137811517028259,-0.13009035734872199
0.04052319966800089,-0.29743280662555205
-0.4189548598740893,-0.06276609385523724
-0.13081490303142917,-0.021707382740134618
0.2710842195566394,0.014986121347941639
-0.17375128050526034,-0.3342956036481215
0.04577249408022821,-0.13327048709485223
-0.017298854329872437,0.04474649146440246
0.058415221378719906,0.27599113149559695
-0.2430852594522479,0.28817944155069664
-0.3951707315296211,-0.011522583613743809
-0.03379255145920079,0.0839038495064921
-0.13646421351197824,-0.13393267579200363
-0.3142588969965405,0.004420161956814717
-0.21589399962125566,0.11892250977639796
-0.17263987301452977,-0.2970755351567733
0.189746181422072,-0.052759397796746876
0.2832683901670112,-0.13256644543110419
-0.05164290907161306,0.3347721333923439
0.1841564957550319,0.05713720544706291
-0.07558216546117169,-0.1000131501335042
-0.14087695148124446,-0.3635552235960151
-0.13824459854761484,0.40274831739037764
-0.21267250003621463,0.3519185882292355
-0.0042720888205300955,0.0399024115999258
-0.002109360399914495,0.050608294294184786
0.1287263405949186,-0.039530839264123374
0.0022056559457905855,0.37370063929447994
0.11573550530018673,-0.23341098909117153
0.02103003942120485,0.2719904949723788
-0.15117673075697047,-0.0681794917280294
0.13010619679671476,-0.13271163738798997
-0.019979330231893133,-0.3202755319517978
-0.17478127936313204,-0.40950445422819803
-0.10776457994620992,-0.18099319868334862
0.031860551994647324,0.4297213693710902
0.11365140690161546,0.3309610578804585
-0.04412070933864687,-0.4124366915000057
0.21523177980552877,0.18213956802493203
0.23602305885466657,-0.14222550726511596
0.12432890242725358,-0.006363440696482536
0.02317218618524075,0.18290398175027
-0.2335458584704666,-0.2705693826717115
-0.01638420736858004,-0.11027817616647373
0.19124564552063705,0.175443831811257
-0.4201751090538248,-0.01348372423578681
-0.0916833766706231,0.10214205109122965
0.3680122884727832,-0.07752660363970065
0.26399998760591536,-0.003683674560347683
-0.2911285329913629,-0.1012133528792043
-0.16499242246161505,-0.17096479864597725
0.1416406198146769,-0.09153875023197133
-0.17026322338059674,-0.037121143374289955
0.13403691693592723,-0.05455984612439457
0.2257549499868845,0.07388353916861168
0.00949965126106922,0.33731041364552494
-0.03458514273949831,0.1878712347507674
-0.3688267775074432,0.07996207716399129
-0.00694002640597291,-0.34191136410429146
-0.12884971821481694,0.3518331561045889
-0.18922223617878164,-0.13006850436688322
-0.016368354255358764,0.07294662594786816
0.365722558219318,-0.11707948534174917
0.1517602598106147,-0.1970580020031043
-0.10877063785445173,0.002184886570965938
-0.12834777273927744,-0.27527937942972414
-0.17804791485402593,0.17079391682058365
0.15804181804280892,-0.18231807853566728
0.10786074581022675,0.24060831179651232
0.025259741739272368,-0.11346235245350611
-0.2645608473475458,-0.13546306455132284
-0.3659115557283441,0.024078090546113318
-0.09014729862883031,0.22265257736922472
-0.033467561854864325,0.3346532737048611
0.08855453646100786,0.36408515699981203
0.3273523364169446,0.2318341935938637
0.19652113759904877,-0.32248051860359417
-0.08680189127272042,-0.24664790631484057
0.174633625683007,-0.16176093516233747
-0.10156841888305079,-0.2720963715205438
0.1950346442936215,-0.2970225065057601
-0.36435962276025813,-0.20462050457207814
0.42523170414595945,0.10061471762541263
-0.07210813830362173,0.2509898539087827
0.1821540218958526,0.2830601833806088
0.01926798162115917,0.24085255109005432
0.2382284736057141,0.1546096589542214
-0.12312450375725348,0.3037469784234199
-0.43449626764683513,0.07426164664703783
0.21885140423823657,0.408190260073757
0.0730709134634886,0.15111103704813078
-0.02074718135068876,0.32168856814194924
-0.14158761252301688,-0.25706634534169703
-0.36314462022649163,0.2157045443033363
-0.0025284819441224737,0.20096741401794516
-0.22021938365249638,-0.23331836836130115
0.0008627343983622637,-0.19121108557760125
-0.2502416835145158,-0.28400186861825194
0.1484499134138968,0.17041150600246002
-0.46663152804984964,0.006634352613331007
0.49569957456377556,0.08852105335880744
0.3082181655387328,0.15591377886526758
-0.4828292642189236,-0.08153012987957542
-0.012554838307125005,0.33688696377581184
-0.2059824922279434,0.38357934636736823
0.21157983008336978,0.12053875252340984
-0.26414373545558867,0.12754467248414914
0.3856744504828826,-0.025069597718959225
0.30045959408337186,-0.1967101310390651
-0.16950712372372756,-0.28142837272405363
0.3363096102169205,0.12029991053408295
-0.15438468809186312,0.0227298078639786
-0.15196467076450837,0.413889752367002
-0.058766203496503744,-0.17703017460200443
0.14287835316933006,0.17040270435614624
-0.01848545607066021,0.3443454384458666
0.10290151283295002,0.4022139894069181
-0.05949913037333987,0.49285530525328847
0.3805447993725739,0.03413557306263959
0.17911209615819867,-0.1353169773994154
-0.15661125591842562,0.3328231280080447
0.27414748754224494,0.025060022577067853
0.025007253448481537,0.2725913702149252
-0.04202400718191868,-0.15202456459840485
0.018214532124145366,-0.12614149404950403
0.1618202456010922,0.09579204347446879
0.04277657335153928,0.3970628936635874
0.1460557012112096,0.01538728280910484
0.25110212227761264,-0.30126212741138847
0.44179046337200356,-0.012096121665218007
0.3985435331198868,-0.02145655173064709
0.07835858825164488,-0.18399321952706704
0.05656764218254029,0.26717492411698496
-0.09075498815678373,0.20918058301616904
-0.029082849131096822,0.17438478048851103
-0.05865533402347389,0.3433415287745889
0.017631205092443203,0.18611114616781244
-0.3967756064819081,0.07002542341613727
0.14572402849482646,0.2653262966519754
0.21952704950382618,0.19405855849402087
0.06085708898862818,0.10150425371480076
0.4077020917623775,0.03647609801769747
-0.15859839451268565,0.2690735743265824
0.19150527703702602,0.019899103317428057
0.08398670615880288,-0.050891208409164834
-0.16646799734003714,0.20205583943454486
-0.16038468415730645,-0.287660237954406
0.04820519389562916,-0.41058524546267217
0.03943501234686764,-0.3137973859199914
0.12213784807212402,0.16903887622857172
0.1539918038426682,0.07535791305351602
0.11946165763775785,0.1438356119285198
0.18044350454315894,0.09682141280577983
-0.37720186307388404,-0.05810123912047582
-0.29627232056819497,-0.13404834612176364
0.07661270535305342,-0.28685749097267577
0.3781126292261625,0.031765242016418505
0.05573495584837285,-0.2046816692827229
0.18864246726016942,-0.04409327799967744
0.03896495447991444,0.07884247165130032
0.2557962118743371,0.19718841624820982
-0.20563507553234728,0.13644835226933427
-0.2873447158654332,0.024383708007118088
0.12496205628566459,0.18355142446725292
0.09924658353632854,0.2779107768153106
-0.12466797738849955,0.3243268697729238
-0.035253093731662855,0.03605715530793763
-0.01757197605554861,-0.1284108636179193
-0.36842386209112976,0.027176569730428257
0.28771344484305206,-0.03791686452621179
-0.11092399264647956,-0.10865161142677504
-0.22066607556007467,0.028508196216754156
-0.22035080002072038,-0.1698042355671594
-0.0901055662470922,0.29240140747616783
-0.08502355890078883,-0.2903006790213063
-0.2212947597484043,0.16596130796519093
0.13990138315101164,0.32497322946925844
0.34757007955043284,-0.046713611881138206
0.1184430499860949,0.11687612711543416
-0.1538310078437961,0.29132031571634465
-0.010971710798732603,-0.4242526332285146
-0.34530610530371764,0.2314784342789682
-0.13402605511404886,0.3870819840434303
-0.23970007843696584,0.021219705658611643
0.1809181602652199,-0.29586652704992655
0.03721360105795757,0.1973350726938261
-0.23379418253036333,0.02964623622421647
-0.07723254069842511,-0.003928089967340842
0.2955605614926302,-0.20161119020494955
-0.15376750510084602,-0.13047817411620954
0.11346582552202289,0.3759370088722471
-0.052612859577043425,-0.11751294768837717
-0.12540537970120735,0.2963734800616913
0.21099588196659314,0.030254000921478008
0.1031961233285208,0.08899991440701749
0.49173983015114686,0.06367421597048017
0.015161025740203504,0.14336574632857113
-0.31700647748670074,0.27731435145892136
-0.2751566218362307,0.015748854281987468
0.25984856599450934,-0.11185333708787915
-0.2412305867986797,-0.1529017542577995
0.464640828372459,-0.04500807979584853
0.22581705399735008,0.08091384152653025
-0.2810386249831178,0.060549115113558205
0.16824197490464332,-0.2782319161348854
-0.17599203999095892,0.0783480145702613
-0.20589469128955984,0.08794651193827274
0.35638306333723757,-0.05694910905817907
-0.20605076402460432,0.18100502037228883
-0.09505895196756109,0.39110119618607175
-0.032571611727769456,-0.31533609714579147
-0.32553073224189966,0.21440392290535826
-0.0023111706822960265,-0.19652913610513556
0.24489521850671814,0.11623826321958819
0.08856762030071796,0.10955576334602357
0.04771500198284051,0.010733694428793461
-0.1646632234766241,-0.36135649192740904
0.014938535555147014,-0.012915846511434736
-0.06537346843670377,0.2562878732786926
0.040286184711483486,-0.3981370087524452
-0.2693929875616481,-0.1055216972687858
-0.0925299792254235,-0.16996366391851292
0.06399667049267377,0.048214183793292564
-0.10691006635497113,0.2071259338124536
-0.1963241685708077,-0.06444405524809138
-0.07069266357341952,-0.09073475246066875
0.070762752951679,0.37978328133901096
0.05145197705860616,-0.547384492736928
-0.36358255592875977,0.14536796593658052
-0.3428283982562872,0.06637870147505986
0.20234118969942338,-0.03732953122422766
0.08490947720726982,0.21128749874674457
-0.009550461575928981,-0.19246648506039077
0.035788099100287685,-0.07986687599088227
-0.14567323884293915,-0.27150653229989974
-0.053618734005483226,0.20743905392432227
0.054440760903722074,0.3300223824780999
-0.024233132952780956,0.23713065202787287
-0.2902560073017839,-0.028004821363611265
-0.171346782379582,-0.35567484326962884
-0.10795587347491509,0.43881136795553344
0.08280206517125044,-0.3489011734459959
0.17522674154970708,-0.026113628650511256
0.07347645091019417,-0.18979640732730885
0.0332661255403528,0.4293491620688934
-0.035467388546060574,-0.4575161900235232
0.3370935196500773,0.30505683865975763
-0.3485536918253844,0.04612483144886537
0.2770559299527384,0.09295878849762551
0.2025734949625435,-0.11882933815342844
-0.030328298458309755,-0.20283168687511344
-0.10973924210714148,-0.33871869071483296
-0.3261203604275156,-0.09011382428700654
-0.49517034076419386,-0.06757616106844444
0.02901726598816068,0.41044974287552805
0.13591223557076448,0.16724375078280596
0.07579367725906794,-0.1415428190481791
-0.09278877804019814,0.2809059030444818
0.20906158206616232,-0.3245231550997658
0.39261207420440725,0.05460715412354533
0.14261507718760535,0.300023437267817
-0.0680709677337541,0.045558365624726704
-0.14724513444464726,-0.2142781705734491
0.37727284431568275,0.06979205471643946
0.11063210238630927,-0.2812334053675878
0.2578875402315648,0.019497322792113803
-0.2828666680285705,-0.29356555404469176
-0.062095275618886836,-0.23859024281309105
0.1509065087256598,0.23267230243447834
-0.1891288091897978,-0.035291733226151756
-0.06866010481962403,-0.1552662801259137
0.31010397385901456,-0.12027731613567427
0.0788576986501901,0.48998442558067556
0.46065219075850417,-0.05709166221686557
0.32961685260067086,-0.17653472061845887
0.08052908919041979,0.004080468419525696
0.044241627627242375,-0.03596071313724325
0.16154615593015342,0.08323882324609344
-0.13344573440212826,-0.31172673903713677
-0.28376861950985144,-0.13887366874955553
-0.16144365156207408,0.24538322649505684
-0.15380682742872054,0.22387437875575933
0.1397600670956578,-0.2597031016442948
0.3753012324548113,-0.02651857893511078
-0.020288846462225063,-0.34294122966105434
0.29893332574615616,-0.21236201251203712
-0.18435400541547886,-0.07188257807627507
0.3387106356961842,-0.08883471655093755
0.006004020020933032,-0.35942556907470236
0.07643976849606626,-0.06658291768508295
0.0034550331396960843,-0.3098817733854744
0.019034298449408515,0.186751225667396
0.33052698764889765,-0.04664980934609453
-0.30209514877151933,0.143887293031568
0.2450888626444505,0.20028480112686098
-0.04855711318544165,0.27084084195083746
0.07066857835318352,-0.11428025559465294
-0.1732136877475503,0.26824529211989123
-0.4057856268014992,-0.11911431505191272
0.1281826660727956,-0.0886506201776236
-0.19184751097081798,0.013319328014566256
-0.06616744875099712,-0.0578413174252943
-0.2462042444645789,-0.2192217301849133
0.36206764337868935,0.015386663303510018
-0.026208245087756765,-0.18889604106885916
-0.2912480693543342,-0.017092767715283896
0.04275776584953417,0.12010794737677033
-0.41123160878912346,-0.055670185473866596
0.2199181731938349,-0.09502867792846836
0.11265246709091703,-0.015284337348443922
-0.08944835736533974,-0.010814958785885453
-0.35803306861776973,-0.2192832342784936
-0.2895295337211585,-0.1219855071470397
0.3271386850144744,-0.22659034933428468
0.3019017440700089,0.14032345089229392
0.12400757118430117,0.1724948542125222
-0.22272142849722054,0.3552633967473364
0.07171643025687047,-0.2430976999218062
0.13665697149681355,0.17118298295221646
-0.027672176938281057,0.29149539823627957
0.03757962694223149,-0.35387813396094425
-0.18681621315325625,-0.10609687071282803
0.1500052514797845,0.07299607229486749
0.511212566962038,-0.05462444818665313
-0.05095839373408828,0.22747014649934916
-0.138707159964649,0.0345984649242137
-0.08407236182108369,0.09615200999497042
0.4073655120521378,-0.11703461175582186
-0.05543267729913981,0.23104937178470952
0.11518939712363951,0.28753327012286856
0.1040129125065774,0.34913447736356695
-0.05213971867256895,0.07251797649903158
-0.1239767891861292,0.3055352869530743
0.17521380974818124,-0.22218140996815294
-0.35078736963158463,0.09805340031335796
0.34999803323687306,0.07895250823077204
-0.0560407689757092,0.4027636210555634
0.11165311365444408,0.010397591723319222
0.4365535048834204,-0.06009206526888722
0.11272006727602313,0.1556676241726942
0.019732271206400753,-0.08196650947925055
-0.0725152900259205,0.07094151039650698
-0.03983786266244316,0.3122518662058107
-0.04029801227217078,0.38914468890465725
-0.10022097012567466,-0.32215006397918033
-0.0648484726145564,0.28861836719594613
-0.05189789433335701,-0.10371799439648388
0.20541168736703974,-0.14844667089166785
0.024612938994686084,-0.3103825639875384
0.1893117406877951,-0.16145262545468753
-0.03888607151947365,0.06670768506998459
-0.2532276583137385,0.14207332785328264
0.19313874118241459,0.2954417992245617
-0.2397965288656274,-0.20476902327806656
0.3888709079952901,-0.13249175672049462
0.15729599799968463,0.15672568086098337
0.2773716428439501,-0.21183873857779556
0.40000031052611074,-0.09770297980939602
-0.23117702543829544,0.10347611639204501
-0.2275061149107369,-0.05865237791434863
-0.2639372111922291,0.12712991404644836
-0.12653635668782126,0.21163773340882353
-0.1278011291704262,-0.041054180739904744
0.01872917417845943,-0.32379988693909034
0.3040564624355162,0.0958921112412392
-0.1095881420925302,0.28958511964661215
0.007046058850745274,0.294386611002474
-0.29551249533120183,-0.12550997261870367
0.03610072020388655,0.228314942326171
-0.26159041207848643,-0.20094895813057345
0.24075221862693996,0.03832131899975666
-0.17671671529446975,0.2485391084523596
0.2012517542166392,0.23634951487361944
0.16328426692204845,0.05175588345238569
-0.11738874496684404,-0.08611716705159922
0.19264453064782172,-0.0085635716057757
0.052968002018213944,-0.3596408192922367
-0.1515735621801284,0.16609276545125295
0.09903234727482957,-0.03796228584136618
0.0014368924905139302,-0.06625987320301907
-0.07731164844438032,-0.28126179067456003
0.11444551574939132,-0.2389390119370869
-0.07021914806263085,0.3896021589650842
0.12859580590259578,-0.14718703449570691
0.0436577094419095,0.2617732256927543
-0.24426844577502416,0.2188938470052828
-0.30182372791693,-0.18461085277324152
-0.026272509373880926,0.37799267605614717
-0.00933926105615246,0.3383606550889082
0.25195620682068975,-0.21987810726194157
-0.06419780578410661,-0.25758358133353965
0.20318351896001197,0.0018308037562657642
-0.1659599380122243,-0.19071089510907702
-0.2877483073634892,0.0748164730460752
-0.148604427271132,-0.06759859612526564
-0.3969605985549849,0.11166320274815966
0.34280290773242994,-0.1371439294618899
0.12238239585108013,0.3970691101265491
0.2329996187589387,0.03356801180555391
0.23696826870279386,-0.3108612717862609
-0.1112283179082667,-0.33607786473028844
-0.08950292904477286,0.04742983113810517
-0.05885150238720693,-0.3895818762325636
0.13355378095347348,0.12235503491958277
-0.39013553302818993,0.01898024354140837
-0.04122271596666649,-0.18902738546124986
0.2938233957509975,0.039966238594991266
-0.16750079877639168,0.22375370473677236
-0.23889810841245573,-0.2824690499781979
-0.22140027312517718,-0.1881959685640382
0.0020405255775348685,0.5325330419277357
0.10337819727001296,-0.053456318169001316
0.14041149839276623,0.1211058316542788
0.10308724331895247,-0.12274852575746564
-0.05525600227978522,0.35230217458871627
0.17369716607638974,-0.16789034016004845
-0.07583731602468191,-0.13628751183771426
0.040547418478239505,-0.39346655097664796
-0.37608204596755135,-0.22510367528885622
-0.17489658435066358,-0.061516537109309155
-0.38061948213325225,0.024556819262237406
0.2849789929771256,-0.031472368116569616
0.2508620414591669,0.1102225627113751
-0.3094048535145111,-0.14258192653859036
-0.2105340154756301,-0.2506230900924695
-0.40960326992329743,0.15927323718141917
0.25833502442141243,0.1693976400971935
0.0837602150647403,-0.3213040654881112
0.08981683135134477,-0.20203139091337818
0.09604888287284497,0.3193052986308995
0.23084023452136315,0.11682594747825958
-0.5012240542874535,-0.06680924035646219
0.10606116212952443,0.44745075078604346
-0.14426112342765984,0.10482457733290573
-0.34925074002104717,0.09838435524890388
-0.20394161038296166,-0.13007480821325368
-0.016607331824209703,-0.42108470997857417
-0.11604614382352718,0.3350143948107547
-0.09910516872871922,0.036929708508788295
0.012716071939096851,0.2854570538545378
-0.2092589021969451,-0.06205581273700589
0.23099647321671024,-0.13999880577544221
-0.008662299576279509,-0.4364684253856699
0.16949866055227347,0.17582066506350968
0.2901770997659099,0.08798914070893527
-0.2052346299912411,0.009884664645174679
-0.03587930693711883,0.2763999383170954
0.12863642681193332,0.17453585452996534
-0.16563366012702452,0.32722279275269717
0.06307612658272777,0.024168498075741063
-0.021913213810951904,-0.07874301011141283
-0.18777265354405226,-0.2816267014894749
-0.27333168865065116,-0.10443336583711083
0.028039581091341192,0.275861478812532
0.05125366077480553,0.05625486507017863
0.016575263308441945,-0.13663001157842958
-0.24908754271041622,0.19247339482811054
0.09376607714772267,-0.2623292926306413
-0.05351376973399247,-0.2531669525243616
-0.24776974962024112,0.16497489409620614
-0.062082553283054454,-0.3996367827217071
-0.3061556679750006,-0.05421285355655048
-0.08073300521026794,0.31517197308894684
-0.12323397934161284,0.36938871413129926
-0.008986765311057354,-0.07658248859907024
0.3688896370686683,0.09951779163664587
-0.08077307955175161,-0.2114883267665364
-0.1313299202864029,-0.3886639302245294
-0.2979161460115869,-0.030531889866517226
0.0658506837115913,0.07764225172773864
-0.2047596495790951,0.1473495444457409
0.04834149685814437,0.23025452708586758
-0.10369007486237347,-0.0865062251944444
0.15619468845075568,0.3049330862524975
-0.2825842282066364,0.08488990905827842
-0.3517793263699096,-0.22727366801451954
-0.15729184822279496,0.24883611276792306
-0.06863664150788962,0.0707796060693211
0.08219160717721752,-0.198659599339283
-0.3014228913873438,-0.01899399197510654
-0.2175556780256811,0.1815570425042976
-0.31732137091940715,0.12555707941759064
-0.2754112731611573,0.2149308511134016
0.04295464311518704,-0.24192506383641765
0.12777688108372098,0.033116182315435116
-0.07272921771076035,-0.2886947408753371
-0.35514592518989585,-0.03523231423415396
-0.5013044175690504,0.033368694034799695
-0.4250736014348493,0.12889280742626852
-0.07761117509657689,0.3055996107350214
0.16091067225185696,-0.3340734928636899
0.13970615422328847,-0.007701668984140042
-0.024436940725399037,0.30154656662783164
-0.0840179368221885,-0.3071733514175994
-0.0012487918346060223,0.06265875063469384
0.07071475899391721,0.38292126519288106
-0.07643780372393416,-0.23034119578644785
0.34262482332813127,0.009999528328739071
0.2195327863929024,0.015256887540694652
-0.29740371398900356,-0.22905114688539663
0.22254841204619868,-0.11434468593019842
0.25523108574068765,0.10867588877308743
-0.20325947328999328,0.21706139416176518
-0.08554287346568379,-0.3884598452049852
-0.08143862605838725,0.4060791373293766
0.21563985644750683,-0.2355885259086743
0.1919544888914635,-0.29434723415986186
0.002063319558824661,-0.3453604559025285
0.16423860408695523,0.23016482814532835
0.14882634219669066,0.3316676664244893
-0.0836665603277984,0.37638588036625786
0.22622320341159563,-0.21396690788091566
0.341026441487716,-0.20933676431254056
0.2813704739737528,0.3085971665426779
-0.24910814429638028,-0.14755722696955664
-0.014589709283533647,-0.25872347062326306
0.10064952035816188,0.16926720217960844
0.08960213096415859,0.21944617962628188
-0.1508540764663011,-0.04049516204466741
-0.06360200611157163,-0.225008666245059
-0.07775258293112963,-0.42574781497402725
-0.3079857399338779,0.22571956487410105
0.1811300395994655,0.17713418510261048
0.24633818847369326,0.08523755533253463
0.046147275344256444,0.4762311902629994
-0.3757375055595016,0.07325899670707248
-0.0013861111454502861,0.07103271518086651
-0.11172607210515406,-0.17654968404087246
-0.1549136411275307,-0.16490398329048817
-0.3470920912417137,0.31664992257737956
-0.10385902515378187,-0.25303967063383626
0.1263907707901808,-0.18665640224106705
-0.31725162323835376,-0.06101654245532906
0.15247242654539606,-0.2552790372984022
0.06576236299938376,-0.2779079909882396
-0.3322332297288475,0.187183715615598
-0.11099838123536254,-0.20310905343824603
0.18220983679673752,0.30469922215476664
-0.014886877627857453,0.1819939744554271
0.1887887412733178,-0.15088719053622457
-0.08811881216737438,-0.2618904673491145
-0.011065309685675873,0.21829007834253322
-0.2342935099440444,0.1958547776591364
-0.2840250071522068,0.19707960995361873
0.11759325631246043,-0.1454279841361621
0.0758372780061296,-0.0763550309065335
0.11177626705494514,-0.07046914212866517
0.16710238718765713,-0.3492974502072641
-0.20635871791326443,-0.20512809067658444
-0.35019409121831635,-0.09533101142122558
0.36991151534364075,-0.06625626159718756
-0.0717326800930429,-0.10322532102652127
-0.37121333276519275,-0.07555988261784541
0.24862289468290433,-0.14039471221103894
0.006033177290257319,0.09599802123830914
0.006325642957616395,-0.17904164368103626
0.22525524075071202,-0.04862178344931234
0.08979671481935725,0.18073801251252375
-0.3381370406393305,0.18648728245196433
0.16488863474622106,-0.20089005103112245
-0.01692478397963426,-0.13724184197026346
-0.17444363691996645,-0.1098393165721574
-0.17535381696534702,-0.19153673485028722
0.10333161661239254,-0.46063761740232345
-0.28873050376552456,-0.08222639069552762
0.10420923131894777,-0.24865959161050322
-0.01977369131056972,-0.21440962669316344
-0.19031958757122514,-0.17650943833797816
0.16078396568577547,-0.4130249449585479
0.37086086076004654,-0.07994427444949492
-0.23786405600413252,-0.09653581102616982
0.31335020852279927,0.09973635602601783
-0.03137016894198763,0.1922818181578494
0.03627772630933901,0.11419109119493953
-0.2998983378293876,-0.2901745149379633
-0.19360746391646644,-0.2252052517549017
-0.2722769613069975,-0.1225940332402855
0.052362412100687594,-0.0009813830147042957
0.293048394243814,-0.30680448615487843
0.3119509904140203,-0.03819712991738622
0.24436903904239715,0.044235851429072826
0.3432630422797456,-0.10854753259536021
-0.27966442233925726,-0.05582399622219847
0.02521962203377348,-0.3363007892315695
-0.37134088653648334,-0.040135826033537825
-0.1675068047401238,0.23732966926569143
0.18315651352957252,-0.20753781626059808
-0.223790291014768,-0.0660909929199156
0.00984768721524576,0.18143624839847838
-0.19798774325909552,-0.038869838139585555
0.20075669548927055,-0.15624818225578774
-0.2698887209059453,-0.1297779479787744
0.33744998300458895,-0.051966841629862204
-0.06703222615048365,0.24894370549863476
0.17860138037873052,-0.3050748111835788
-0.24420970967613131,-0.19917119261083194
-0.24656957291419213,0.21760636845823744
-0.34828801812710464,0.0020138432694691843
0.2611132054076273,0.04759356154336314
-0.22377286247714734,-0.15949998143621746
-0.07562114433538425,-0.3417641277983976
0.07018557774966694,-0.39908876073013166
-0.32747172765724364,0.07618694230766687
0.14862599360270723,0.3507000618513505
0.27971453257979917,0.06655161706354407
-0.3332381852958295,-0.024914493245097535
0.5055664222307537,0.034266536723986496
0.31947355198838756,-0.13654548631045382
-0.0034642462031477805,-0.20351480141530387
0.04772613709510165,-0.23817032022836027
-0.0030317417453524786,-0.514812879107805
0.25655067324082803,-0.1397227883971488
-0.3279807304934734,0.00065113032407349
-0.046933468718382665,-0.2728446027133744
-0.11052203838175734,-0.005952072503907502
0.16664296097793696,0.25286694706528645
-0.0064801378543446475,-0.2643408994303076
0.19255241727063455,-0.3025198323195524
-0.35540188797239414,0.05944666594904424
0.2892652727553324,0.18052342266699561
-0.027048959755143764,0.2630724873720831
0.008309804749928817,0.4779706195251585
0.06808657454375378,-0.19455347953478164
-0.18993487639044848,0.14077727783329874
0.15905348376202988,0.03958646527226528
0.16186679477516774,0.27314833206053946
0.13846873262839932,0.2224946210650458
0.053133784669326944,0.06783090025052951
-0.13800849757163847,0.3525581663444952
0.020361621750774272,-0.24454620191695509
0.4188862507710802,-0.09618983809369719
0.13821594992110953,0.37352285541223895
0.2904519151398939,-0.3049092356911518
-0.5087923432588508,-0.03334837706576255
-0.1474511667194296,0.30029229119661993
-0.15696146974985115,0.1366425909251865
0.21169001157326872,-0.18950593410573324
0.24830222388247636,-0.18831572774274785
-0.22352676689391693,-0.09913630666110329
-0.4007274788675015,0.07446284268279091
0.01711214263565819,0.4076658507531974
-0.047487986603682364,0.10164330320677006
-0.15520493832573634,-0.420914706781939
-0.024475355955766,0.25247241870924375
-0.10477237944498019,0.1636255573103067
-0.38673356516887547,0.09541535475965479
0.3199417987514257,-0.08399700995133208
0.1751015786061172,-0.15002761000458276
0.18417986926086272,0.22925766571351325
-0.07011856713254416,-0.09889580338261439
0.012019250563784833,-0.19335612658399737
-0.08540300156070635,0.1595458173488733
0.006938555907461064,0.03006586505125286
-0.36282078204236345,0.11005954603717161
0.1334450256193842,0.08904029583653172
0.0812810782063742,-0.20331077509499318
0.1164152272238379,-0.09576926521401519
0.17430795340489613,-0.021470114294234177
-0.18170295507613665,0.27692727235105097
0.2762886462315053,-0.12845476605748596
0.1107272519328153,-0.011337744096895364
0.005307130986849096,-0.1536279484870553
0.07438163402273124,0.2329554011233308
0.20287371968991885,0.25354534906485404
-0.2630993267347077,-0.1278713315717488
-0.11231488438644566,0.3518554766648019
-0.014668281830251262,-0.3836820319900385
0.24566966910721222,0.22917824944210197
-0.15092769821829388,-0.2917002004730631
-0.24160552362927268,0.04914534351704192
-0.1362517604052833,-0.4229176170801632
0.034806813019541805,-0.15283174429253976
-0.20410893092690974,0.35384248950435593
-0.1485422552565503,-0.24022850967102682
-0.45716808075479176,-0.05419018466853598
0.10572188650236147,-0.11559803472426688
-0.4086696002311736,-0.1164024946752118
0.3992388732547132,-0.10817724709775711
-0.38011991185797456,-0.12496520103992004
0.3430120332381128,0.13071411149089096
0.17127375183222027,-0.024836179942194336
0.16099176522208714,0.03374771484711103
-0.25059260177401876,-0.23226854574160427
-0.11811525282635338,-0.20183571789003474
0.1473540568008378,-0.29043393456692823
0.16633177696774837,-0.22824772756832767
0.3181862901280077,-0.12137776941631984
-0.3584071155128865,0.12246404486539086
-0.13556726874278935,0.2373252400133845
-0.31732117534146664,-0.08357615013426334
-0.0764103834467238,0.37521075150134386
0.0732388480679782,-0.006042027164784525
0.14461410761483084,0.335122918031608
0.06372009813009383,-0.2120691823393075
-0.34557316020774986,0.19420475331800358
0.16615940231636372,-0.3147514402449818
0.14425030788471593,-0.1277100018649786
-0.12787275035424983,-0.27043022530138905
0.3129530170670112,-0.22112608016028057
-0.18545444045373416,-0.40917352679011065
0.027249130675733202,-0.28291302027528786
0.022649405502980224,0.1126845823221081
-0.4366600139645189,-0.10810744587341792
0.034488664103352606,-0.21052954157927117
-0.18515246629793602,-0.20101139812225433
0.22701659306645894,0.12803928729868463
-0.07871627057864838,-0.2180411862607703
-0.11826697110170303,-0.19820181924111813
-0.07896966083643031,-0.011722934594829093
-0.03968217119470974,0.05499274062186621
0.23369966203858872,-0.12603316778608087
-0.20663540955310689,-0.02002439162695091
-0.1147309295847152,0.018977527030379804
0.1960328026100715,-0.0032192864295625956
-0.12210524732947636,-0.17501857778092744
0.21952373263254343,-0.1391254739588661
0.24927423296043938,0.14623911889724717
-0.24834431661536227,-0.10467648120985906
-0.3323900379818667,-0.13957592513352268
-0.12660451397073036,0.2907790736341882
-0.22333756441126384,0.17600949243610176
0.10451165707436094,-0.00022132537508268157
-0.13587122319888456,-0.16321152964347663
-0.05470043608509623,-0.218394843828714
0.002336664876420702,0.15709243051323862
-0.023234945875236113,-0.36057894812717417
0.4489079282642996,-0.0007220660837781168
0.311982578422175,0.12138592023211592
-0.07303484325156129,-0.340149599422076
-0.16357571251796732,-0.17891383887889756
0.0718887499494687,-0.06597829841284542
0.03895666477376736,0.25250959594791
-0.4001713823605715,0.05805478535182851
-0.2886332328665415,-0.007882067337712906
-0.22007079561170118,-0.12449324050167832
0.1457346213456907,0.010148027308679808
0.29092823742003393,0.06979068105226993
-0.04117407502468895,0.041896481631374716
-0.0677890058616537,-0.3813136416469085
-0.1469945549050946,-0.26295117807619905
-0.0018059113299073726,0.22368805578300788
0.42355305114115405,-0.020838048442528567
-0.15076572032519997,-0.14730433995223025
-0.30825974524366617,-0.06458590825905319
0.022574812628859853,0.2974236837094495
0.16135067296103034,0.018884299254227965
-0.0038290046089426433,-0.08442684468716966
-0.026429580303842126,-0.35111558296477785
0.02140020893589889,0.34770286636073533
-0.22408081481849007,-0.10439106046128721
-0.015968625551875393,-0.04057644449933062
-0.22538938528132957,-0.005116180869040088
0.0625771872336871,0.2922402051470747
-0.2773903615936355,-0.35531013483343865
-0.378430297281543,0.03938246147035396
0.019548222933857495,0.04860078103183074
0.15234209445305358,0.28944147320800195
0.13216297657027365,0.28324832841950376
0.5769110042848329,0.04496169516165449
0.416218917006552,0.016517522084856795
0.10435767647763439,-0.21302841162385922
0.021859991243756927,-0.39131270018283915
0.03743947385600799,-0.16640343194568774
-0.02121745804658781,0.10014884480738173
0.11506332476367431,-0.04633414418759041
-0.07448793417978838,0.013848651340917284
-0.07493716959861718,-0.1517957034829529
0.23258977002353198,-0.16382149893448972
-0.01887380395792948,-0.22831681490589406
0.23071451769587892,0.15256837626620867
-0.2399842255162543,-0.18162719298199548
0.18534581195498445,0.38670758863587995
-0.06588565203226127,-0.40989586291452285
-0.06054349344902099,0.41261182335948066
0.14567288647196786,0.24777706322828075
0.17759912971922742,0.23652322147055105
-0.22448972303620462,0.2137045392402348
-0.15864416242098245,-0.13019929553972642
-0.057553528499895146,-0.2500540193876788
-0.182785680425386,0.23881736515369156
0.36370327318905815,0.10287325529830316
0.24443455525200042,0.22028685666241676
0.11609000444689266,-0.24491884101916161
-0.2583438807191927,-0.22956844927794062
-0.47201257797464913,0.02236193856839086
-0.33534832277734394,-0.07118429177821994
-0.35980843945830254,0.1343227645141496
-0.08977475348793762,0.2772052867737318
0.06306183419088884,-0.3500666409528024
0.09153962225239654,-0.29647344685651267
0.22083571274434255,0.19861276398882532
-0.16220657671659877,0.04816289092443027
-0.20224252328475156,-0.12905224745991273
0.10871822589279945,-0.32939309215436685
0.1468484290136658,-0.18523418376663048
0.001944862287148963,0.11712957259901136
0.39586679253175583,-0.004421081170851826
-0.0394786463095651,0.4460006833734558
-0.18618135616410547,0.1863384827844592
0.3711428222501878,-0.08665331816134625
0.16811404474909453,0.20575855359735096
0.11105570258017883,-0.3691242149835148
-0.08535738457332709,0.04762002935624654
-0.18997788702324203,0.3593141603406176
-0.3106953430413575,-0.21148541133802778
-0.019619641523916043,0.1521421089107855
0.10214004278303146,0.10416677288587017
0.09904288439428877,0.04319349112131965
-0.02656914658292875,0.40553833558384644
0.1187132936084021,0.20448486832973578
-0.15932419967493705,0.07940842991511121
0.1920216992331325,0.13459107717367935
0.2628478847791238,-0.3251570454923831
0.20104160401766746,0.21687870410379606
0.041423145636117154,-0.18594590412805534
-0.05695788802839341,-0.10811175368023473
0.046978313684844286,0.3523492968299382
-0.18053056456245886,0.2716284098973074
-0.09663972249396524,-0.32617245709376874
0.042417405236000905,-0.19006768972738497
0.005089036832766736,0.2162667898127726
0.21851235971415517,0.10415015521410198
-0.24431174622723129,0.1267607973280298
-0.11959352122279254,0.5162460343994206
0.08665760562088765,0.2113217418251918
-0.008215977695967602,-0.35479982093879703
-0.14206831782784057,-0.03934324657662369
-0.17235301147126725,0.17145644269221627
-0.012795332986102359,-0.4866659512428486
-0.038436760895818045,0.030047563043715586
-0.2907732386528208,0.11593560805471625
0.022095764701624887,-0.024844203951778665
-0.054386041766879556,0.4340688559932131
0.1591923850149617,-0.284380718900189
0.053400066126297885,0.2791925872584098
-0.18859484639799007,-0.3459349171122794
-0.1828438216209496,-0.24422028041770405
0.18218305912637778,0.30239838367957894
0.012146712642475466,0.3137078887961262
0.023019622966558906,-0.1971629412922984
-0.3082539795793857,0.015541801740366568
-0.15648877982465836,-0.23940242332972472
0.09108517389880699,0.2422222322904557
0.0615734171075728,0.025242940687407955
-0.31030502220702716,0.15151927243571706
0.257040923181431,0.08061206260503662
-0.022029648097829257,0.40072175325167625
0.03893410465289571,-0.3936508536217125
0.2310403386569171,-0.14283395880615912
-0.32219625670142316,0.13584548376392291
0.29759097564776216,0.09236017711866884
-0.0069049734013790776,0.15351217497680758
0.27374037911521043,0.21700060619577455
-0.14609813925736215,-0.11563053706499127
0.013523891737249771,0.261536894141261
0.19863236956889674,-0.047901372726030234
0.18482957507700415,0.21324444559904832
-0.0824616110949925,-0.11739671602208879
0.36482644610782033,-0.01953004663468616
-0.19662176503534057,0.3243035211866854
-0.303926994346027,-0.09884510549950876
0.09746443271430172,-0.052318076028965654
0.005111370458452447,0.11683255207619214
0.26298356217800434,0.3137022489084378
-0.09648853471503616,-0.021995658880998636
-0.1345390372104811,-0.09438047573944708
0.012646087701514652,0.3376105016786122
-0.019734323641947382,-0.03322623465323393
0.1139266780036936,-0.44063617954557466
0.033805992404966956,0.25316845032031954
0.37171505042546693,-0.11622060888324981
-0.3835906405275502,0.03883629174338754
-0.10386058711003132,-0.24972925035202254
0.04344270748725165,-0.33948758421513503
0.02326088577636587,0.32241757256041104
0.4241034039040028,-0.13316024621814315
0.3284839817378129,0.0916581819891753
0.1847382221184788,-0.11752955629941186
-0.29309871020227396,-0.00521355675266455
0.19948767295886793,0.3779737570897299
-0.062296228115044094,-0.1788803178724574
0.18833310917709523,0.1507093673805746
-0.18776569080134586,-0.3172784045831327
-0.3235312585118282,-0.04831295876022068
-0.24111014517549312,-0.30748556261867943
0.11943072175761249,0.02675009442032583
-0.1454567294184257,0.42107512711453454
-0.008628510682681112,-0.14961814811208263
-0.2881963924385589,0.1774441324650633
-0.4017715283813701,0.007832872592119289
-0.28420271474786096,-0.03028237889162866
0.07076794971069966,-0.17386799414655507
0.06743549390075443,0.07070740731549208
-0.108718742422236,-0.2168515454138562
0.23997469096471047,0.07679880338698042
-0.06599186821596104,-0.48477873142056227
0.25741373601938733,-0.22245016530217554
0.23359197838258572,0.13544050257646312
0.05960562733097552,-0.19924606434694803
-0.13688342080343618,-0.22302547531378147
0.327895702247059,-0.025789957266836083
0.07329765111386055,-0.36701447614929306
0.015470905596726148,0.25974950098253324
0.08452919307479223,0.3193458076829918
-0.08424006094063752,0.3715105961449381
