-0.4951813690491742,0.7273135272814701
-0.5742570767794626,0.5817055222739576
0.3232926435475567,0.3962975413473604
-0.33126172864144765,0.4371256229803271
0.3453767933037748,0.47529114578547915
0.6278468267651605,-0.6572683919937894
0.5864076757007692,-0.5782159810298027
0.4039021757036243,0.312691009273552
0.4923476350837537,-0.6238290825824553
0.5509940353301293,-0.6261374431633757
-0.707878396784366,-0.4019042466543532
0.29951380318318876,-0.5431560966864468
-0.5071616575156432,0.8100501181172637
0.5835953004008967,0.4163500832472149
-0.5379241117478044,0.5911082062422519
0.5450502263702468,0.6149062773709462
0.4290180170732423,-0.6318959188775637
-0.6729711809938983,-0.34022084984443723
0.5306697347805196,-0.6880736962268537
-0.45043012988283837,0.6277802644021993
-0.5694216293861283,-0.6888713678417324
0.7258007467266891,0.44963959125468067
0.6145436888560885,0.4218148586462773
0.44982701133632585,-0.6560270183188921
-0.6813219321418571,0.44485727892313087
0.4758959178189084,-0.5303708189036125
0.7353167466357582,-0.5760018434753982
0.5813974221440386,0.7420576007213586
0.6917427081347001,0.3087546775625265
-0.5803265664820783,0.31451564898711926
-0.6487758765348355,-0.5005467333724463
0.540571447747469,0.4739004697243725
-0.7582744324180151,-0.4881192174573217
-0.28995229772051956,0.5876666033034941
-0.3220415343382612,-0.41081649063203374
0.4073060075913413,-0.5158679516655935
-0.30483622197791904,-0.4376835729042685
-0.6559288464665365,-0.5997444072706899
-0.5389360296701224,0.7343411607435468
-0.5616852914843267,0.5136710817823635
-0.33637709206931543,-0.5129596338531572
0.34879087538935116,0.6280817576448681
-0.3853597981730881,0.6193057574651266
0.37158511738690914,-0.44496838236172964
0.3392163956245924,0.6005851614672677
-0.6618850810166872,0.5014785566390008
-0.44629045897079767,0.4740974465186383
-0.3618797758948147,-0.5369608306755844
0.7048131172198984,0.629524834534487
0.24047669264379046,-0.5467899403164453
0.46159024370646295,0.7121454472719406
0.28357411988734094,0.34204879607326477
-0.3985886630327211,0.5034291817946652
-0.4819595479373955,-0.5056747147419995
-0.5349574027973039,0.4966644724484357
-0.3826339083915651,0.4272922428932622
0.5574117527294193,-0.7358790574007308
0.3623355797351613,-0.33840073887885813
0.5140988271305003,-0.7077669833998748
-0.730972508744111,0.5268496994633007
-0.6597688906113381,0.507731396871391
0.7351121318281584,-0.5006475581601078
0.30147445546147744,-0.5017144269368099
0.6063384024634519,0.662336565882744
-0.5366583010845969,0.3807099074669844
0.5387396715561876,0.2829277789123972
0.39428085397549406,-0.6430844109243228
0.36238002864811825,-0.2920292481018143
0.5191147883445153,0.4378864939749296
-0.5655382789258943,0.2665380743502359
-0.5953002630268349,-0.47926106363740506
0.41836770552606883,0.5890110801909116
0.3207263316170661,0.5529833496362455
-0.6163499580749205,-0.5619139955550669
0.5427376773102879,-0.5918262485487757
-0.7399403819761952,-0.3696065390478698
0.44607364175073805,0.4554623765652628
-0.8049992172811604,-0.5891959505144353
-0.29375722485140776,0.6729103471481941
0.3032695065971758,0.44270028374588843
-0.5633950634090505,0.7232658776581116
-0.6728887770666294,-0.3614985596561153
0.6683505716513907,0.3502260028338624
0.6633365765115817,0.3654827105221332
0.38840373279953067,-0.5193413259668511
0.6526469553426602,0.6365415588496479
-0.5141947996241358,-0.6016957798892804
0.3649917584647988,0.2739676006705991
0.6137099782966347,0.2689294890231504
0.32382857629463446,-0.587654768209801
-0.5609146909631582,-0.41889188422761703
-0.38703642803957594,0.7431122035475692
0.5660445228617854,0.6935053987501894
-0.576252576423189,-0.4645653081851522
-0.6051545886019256,0.3050873040978461
0.511839201283198,-0.32149012398872867
-0.20137997794821705,-0.7588956624785519
-0.5043776453357092,0.5207182529317207
-0.35321997044820774,-0.6676053279438452
-0.5376564087691074,-0.41747792581047216
0.5553470463567198,-0.3587821222430758
0.6457835070735676,0.4815449584048901
-0.6040928757158059,-0.6410985653674282
0.3663208028808782,0.5962477069976879
0.649647317718276,0.547333330058013
0.21438547724579893,-0.4519709549838806
-0.6882577121089175,-0.36660128686548155
0.5758615849188293,0.353472266196196
-0.26654902791850477,0.5922810381648507
0.2760380635636115,0.4947989611417838
-0.5517965223275849,-0.7495092773901388
0.43429498959724033,-0.6956683939816033
0.33910304944609515,-0.6117503237782598
-0.4459013842367263,0.7682622645163752
0.4375549903627387,-0.30686713426832957
0.5532596923618585,0.6144544885439394
-0.5638816234362358,0.34480713219141435
-0.730481214837436,-0.521290637696477
-0.34730116090277896,0.533031843908554
-0.3824273814476977,0.2245132798735079
0.5152855596758292,0.36773137830943203
-0.29582658417018615,-0.5773360950911497
0.3770303193883078,-0.26905563771917107
0.3363124958405985,0.7093897002749747
-0.5736107695067767,-0.35336480599515485
0.5358877266021591,-0.6148710170517631
-0.3757198626480125,-0.5045242225781994
-0.5620072826864573,0.4356926127136802
0.5928739872335913,-0.40594120910916853
-0.7297291269740334,0.5996574991804793
0.6319624472017038,-0.40583039514169106
-0.5321696067532669,-0.5966149710759758
-0.46539955492226626,0.22471870380483394
-0.5903105572669807,-0.6428066394768281
-0.635467257169466,-0.46490947663865767
-0.3347729513986637,0.6023465969085016
0.43839059665277946,-0.2779512259986836
0.2983713857886372,-0.3283516078236648
-0.31503999959556883,0.5184723127088857
-0.4817119437610884,-0.33099655674638506
0.45910731471566524,0.5915633083136131
-0.40096792539870396,-0.3790235309819756
0.6197876990564364,-0.6104575020349621
0.4798744264430608,0.3535288884146639
0.5000456560267703,0.538087832873418
-0.5555440732915842,-0.6701428442102282
0.34761227622032087,-0.2914418016449154
-0.5801631039353126,0.5581491035129644
-0.6859879028444886,-0.4669087960594951
-0.619641372279055,-0.42394708230339795
-0.4947376928750937,0.6071967435791781
0.6630479714697519,-0.5989663812298522
-0.4409558138954377,-0.570694890810902
-0.4513924268766709,-0.4551694728818214
-0.6772846260518488,-0.43535111791626746
-0.541357094446514,-0.45234131639714237
-0.22704485448438905,0.6117896106365472
-0.5573416610696034,0.6164362300701456
-0.46201141048719707,0.3170273783320905
-0.724123567168421,0.5265270501424439
-0.5825220848831949,-0.36809293269706767
0.4576655876836482,0.2822589567799134
0.4141073443463854,0.7054242855201096
0.4483742955906904,-0.3148420819654507
0.38855191720888715,-0.4407170716355797
-0.44189067344532074,-0.4298353958181471
0.42369453802188417,0.6360831001812497
-0.6366751507281552,0.3511319202710921
0.48555230354584333,0.6001170146412809
-0.6060369186660377,0.5668890602675143
0.6491392268172373,0.5659251155024545
0.3483504218801019,-0.557044169002882
0.4746526604591761,-0.6213981028277007
-0.3476030599730864,0.6269375673281485
-0.5286606166270911,0.37551347507602184
0.4165199632966128,0.5754506976185991
0.5048564138980252,-0.2604691316245282
-0.41960240548934125,-0.4013854732355018
0.39358627010060876,-0.27033905934871827
-0.514055764383389,-0.34137058502372386
0.4719197758150384,-0.6786543175788131
0.4332758392543279,-0.6373968818507953
0.5020797712437655,-0.27778768690252575
-0.6570570386323167,0.34796163629220356
0.3997985077720967,-0.506675859732614
-0.2512254536828957,-0.5583017447502017
0.39532888653220755,0.5246563135629099
0.4182988829673735,0.614448718976278
0.707899471631195,-0.32197347159246337
0.5869266852501749,0.5394907659042742
0.501811725724933,0.5511072314262073
0.462285702612939,-0.5778888574306413
-0.2838661522629111,0.44166549048397896
0.2847671019049567,0.464771840497731
0.6019563515849082,0.39116095846050136
-0.44028173449378283,-0.3989593952012491
-0.2544536243341937,-0.4562660070476936
-0.5848710155577641,0.5002415465689241
0.5197811614118533,-0.29627848744439156
0.45821175976281636,-0.5875134753041498
0.5940849589104531,0.5916510009319838
-0.5664098628522118,0.4881741219341025
0.629565028535414,-0.7600294397375436
-0.5792542731212333,-0.6218441012343658
0.6055723209849406,0.5181563604699067
-0.5061002488442494,-0.41304979696930144
-0.5645400331934649,0.2219849631728672
-0.6493522696812546,-0.39213906381568453
-0.5345002012187066,0.4769387138085177
0.298826179321517,-0.5221444531295578
0.3610237185434022,0.4245789006868357
-0.34852524698714094,-0.39050615118939014
-0.3416691423714926,0.5819416475760097
-0.3314001940451212,0.7160140215964366
0.48522955234912724,0.6218106348745465
-0.6190635533199893,0.5084076265506392
-0.4443444040712987,0.7416824997599047
-0.3698188326701357,-0.5706144278996053
0.35193664821216997,0.710386960941445
0.5314718982444075,0.35043633241433225
0.6055918427247193,0.5611788527473636
0.6112287091895039,0.5513115291274278
0.28317399263384235,-0.7080155087344933
0.32445525141187215,-0.4783195923792041
0.4262312707816529,0.46378170417238795
-0.5319938288120389,-0.689352369908232
0.5506666013595451,0.4974659495967806
-0.4254890592424354,-0.7043686481291385
0.5596941905727559,0.4713964630536691
0.38023396759708206,0.3201199863696944
-0.37302399142593123,-0.5519497719242537
0.2707696744386794,0.5460094436230012
0.2548587911705289,-0.6164944471103884
-0.5738125830949128,0.2152672647767595
-0.5289387598742368,-0.6892867596640921
-0.5975589890884907,-0.7184380975463731
0.3135755686356638,0.7328963070011445
-0.3494917852459478,0.5815200743507876
0.6157743926044033,0.33852882161212294
0.6638131481056988,0.28914201536358064
0.5125913823730401,-0.5006162129884315
0.22288323247416408,0.6444242536589468
0.39494378728198787,-0.48863260041397916
0.6513610377757528,0.38692492666982425
-0.6690876376563999,-0.3003186905795563
-0.39952435614138726,-0.5576489256401354
-0.6398105166262957,0.3458461280148486
0.4655808945052753,0.4961670501272981
-0.1615462507405001,0.5737744291717604
-0.5283894822044624,0.6769967583542236
-0.427365354856744,-0.44657493558692796
0.3305948143957138,0.3520900222484886
0.31478142055998126,0.6422755001572524
0.3740329438036023,-0.4737389313149891
-0.5514343559825883,-0.6300241276482563
-0.5773363495359738,-0.6771920320098934
-0.7167011273374146,0.36777412962169187
-0.4690190684230304,-0.6665929370682582
0.3674349304947395,-0.5804747486569082
-0.7271179922210271,-0.5784354218531711
-0.5889754607685773,-0.4760902720346485
-0.7423780348842137,0.5360950169124883
-0.6242910068452936,0.4476762056360799
-0.6214533414236401,0.7776600838928711
0.3665254685300039,-0.7121567780633142
-0.6293574853721231,-0.551484215442019
-0.48822291632859316,0.39151957374154067
-0.6031755943284167,0.2624543195267808
-0.39458358730500653,0.5436220663007179
0.5439423687115321,0.3096946117031558
0.62189527742917,0.4060814082871673
0.4074831889682624,0.6569230633322813
0.597750116793847,0.5072895731328544
-0.6978767758797739,0.4680595104779588
0.3728110958098936,-0.40296312271422785
0.6693171224239065,0.7241749232187276
0.5085914182693394,-0.5284343664645179
0.5020049232592652,0.6485706306000885
0.7589532955821743,-0.572985506496545
0.5620194410311539,0.5873077721455746
-0.6169264461730362,0.28485962628674555
0.4110764349235998,0.6446517937356988
-0.5983480883778522,-0.3604407664418501
0.6842650045372529,0.44535041782184503
-0.37786218173546726,0.5522801466905392
-0.6734613064363784,-0.20461774311866865
0.6107422526051669,-0.6236115733110581
-0.6554779228300103,0.6046638441580285
0.6382892504544881,0.554592356239171
-0.2539347782013721,0.5973784480671502
0.6940827826552323,-0.5687802426876758
-0.5187829329872069,0.35775440684877235
-0.4250738261701341,0.7415559475202826
0.7847869753309318,0.45640772446479905
-0.25546156625688066,-0.5953633521824766
-0.4647654197790356,0.5379070003526618
0.6543082739667481,-0.4918743180819136
-0.6553521160523543,-0.486489854024883
-0.4222194407067972,-0.47919002924244314
-0.5728598031156478,0.3262759054310058
0.5398463763531967,0.31695129704625424
0.583858423048514,-0.6115263025532247
0.4303516152440312,0.3385554229419465
0.7321054978327768,-0.6024654496989605
0.6751442765286384,0.4969052425142506
-0.6664632458938293,-0.3631664757713109
-0.5074499771244021,-0.6188898676662493
-0.5661626080395801,-0.3214515067355568
-0.5538904043174546,-0.3267201470966876
0.75809569269859,0.4640290948624306
0.6055348480665832,-0.43585312782164
0.558284154275126,0.4386585125099143
-0.6821093449539344,-0.5858948968433733
0.5126984755475916,0.5497583993790762
-0.5167735623526832,-0.46802551000855575
0.5180547489541656,-0.43565726871377697
-0.419236684451356,0.7335076012783839
-0.577329157546778,0.2588599727513081
-0.3014127600962546,0.5119763317691068
-0.3461390506084825,0.5201271035457038
-0.5220770585753656,-0.3592403331223373
0.6515398582478553,-0.5679533435701434
-0.3596451167546961,0.41785960298560987
-0.36194235342970704,-0.28699979439263856
0.443194719139985,0.49762883442356376
-0.5086677932406527,0.5043505109593522
0.5717269352567333,-0.4014269879404233
-0.204210750948155,0.6704973700777852
-0.4375470678953599,0.26409003233411554
0.566126836465553,0.36394202319658153
-0.4898303019746444,-0.3907872022879504
-0.31459523584173565,-0.49079294369673754
-0.4530650845050319,0.4782135891869681
0.4488146963778026,-0.32985959577949053
-0.618531272200737,0.6806739651524034
0.18892441703998486,0.5384005296711605
-0.49907647331486427,-0.4781649425529644
0.39971418178357276,-0.4273089667749179
-0.5237712766826004,0.3723754655520066
-0.2887372225047782,-0.43918048912818874
-0.527353839032354,0.6118920668480445
0.3470367996885584,0.6619484852610955
-0.6520809328469097,-0.4635965872236636
-0.6295373435985798,-0.4887088463877465
-0.47436518089350876,0.5332938600605768
-0.5349701940921348,0.5951386154879028
0.6367053542126817,0.5650077150905646
0.542438765458374,-0.49663255608888734
0.22974368158446712,-0.41671216231211816
-0.414991641016768,-0.454191034730004
-0.5313469879927435,-0.7169642478696037
-0.5270109203048985,-0.501571180929596
-0.5679101242460669,0.509752798825091
0.5278532057184078,-0.5616505766667743
0.342272325772794,-0.45535245826987825
0.6931968007561868,-0.5223286956561806
-0.5636445043115579,0.6700212298073058
0.432836204522139,0.6916851673269122
-0.30565294046492575,0.3613319934160897
0.46730323298311305,0.7444775334089071
0.6279827270764,0.6421048376774061
0.3935037884276307,0.6295514335988734
-0.48274878829621803,0.5907167441998271
-0.3953376363074159,-0.6468832710243733
0.4323428465565995,-0.5950815972448427
-0.638522812817683,0.43140236857309877
-0.5474567156721575,-0.2757739474991594
-0.4920785039107396,0.3784613805436192
-0.607972497983478,-0.42394813952241717
-0.34898493847005185,-0.44388061396118506
0.6933291202238789,0.5715526898753729
0.5890538869670991,0.401028207586011
0.6585048694738564,0.3467621925606368
-0.4907986090019467,-0.679528979284223
-0.5074726692090212,-0.5940840963114837
-0.28170720346664146,0.5913394509019536
-0.4358237150235349,0.6459716748913242
0.24372404303943496,0.35669960840422377
0.418304632981205,0.39159118835688833
-0.6507611240907412,-0.5317637681434888
-0.5459979751614941,0.6014121712562963
0.5688388640068658,-0.5777162687221493
0.343731765459264,0.46345110250992283
0.6683286801344057,0.6152789416948263
-0.4246475525479292,-0.5266285304698677
0.44824840752269757,0.6865624672717292
0.7206278260571402,-0.5002750528652378
0.40984887059238817,-0.30016893951943535
0.7020445021066823,-0.5485095273786613
-0.6258564462126646,0.5246681003872893
-0.5961692282159383,-0.49400883207811663
0.7619727781976129,-0.5312471310864235
-0.25405668169739304,0.5690542892539514
-0.5986939219922482,0.5168441645304973
-0.6050577482505215,-0.5401480496290367
-0.3968917052799661,-0.5012252105109241
0.7696994594402553,-0.3599129324065995
0.29333387493601504,-0.5635961507364444
-0.602042349204897,-0.31341714756818195
-0.38416222036701164,0.45144281745433656
0.3758134849717656,0.6134817320000359
0.6352926936401018,0.6463557482635995
-0.6207779774317252,-0.3887548027092551
0.5520270251231276,-0.6573087355003182
0.44176572128034675,0.6645373799652154
-0.49733678909581314,-0.4946390692068252
0.6364544929839726,0.27876863605657554
-0.7345557213843044,-0.563153449276943
0.6350411452127818,-0.5079763000774165
-0.5052124817657981,-0.35625995990183745
0.3648602586119476,-0.49771043148113825
0.6711893770416366,0.34261956694502027
-0.4859152032259768,-0.6442605851689533
0.36832111090981723,-0.48156118092939537
0.42342201934890866,-0.7121403758802589
0.4867879642975599,-0.6009467268141568
0.46170527601036526,-0.6012635188790953
-0.4104980086430474,0.39150045950837553
0.40500256915304456,-0.5058143508055453
-0.5866347552542033,0.3792368390339931
0.8040762968195077,0.689394957852066
0.3782192827438169,-0.4358894967007805
0.6590365269573262,-0.3424743205115235
0.4086817354031673,-0.46672590065341346
0.5108044916417258,0.627700061028347
-0.4810306801137827,-0.31510391940558913
-0.5901222125231331,0.6684601763904425
-0.4287967105838699,-0.3056872217127935
-0.5224472069923709,-0.43533728557059836
0.5643755958984522,-0.6518073580413368
-0.24967462736404156,-0.5066814146036482
0.5660248641657692,-0.31930177126172543
0.7287101276969812,0.4267065904631302
-0.4232608454997808,0.6417687524430371
0.6103864250066147,-0.6046644288902803
-0.6801466094838178,0.6086143179880537
-0.6927281257419118,-0.6339126318161548
-0.5042507848622078,0.28336057855740093
0.6352205214870044,0.27396184013803704
-0.5634904901786184,0.2527661752097228
0.3795460732310212,0.5327763934649765
-0.45145409585725327,0.4867698961105591
-0.4964713671903378,-0.3585559012668533
-0.7885319513154534,0.5244540080607392
-0.44607229270068904,0.28149436851639087
0.6643880158954167,-0.6659814937370536
-0.6677470033363582,-0.6369459279540748
-0.45999250340103814,-0.5606376293267319
0.5600129798498676,0.38683131646419877
-0.4172453245521861,0.31427041051623283
0.5548605764793475,0.47663164850955386
-0.46730873471130163,0.45959126317889143
0.6515128773359875,-0.6629082562735051
-0.39461662214377613,0.5406175780473381
0.3344277024235809,-0.5837101186109643
0.6073607892573061,0.6464894884591796
-0.2935844900187077,0.5943136119339067
0.5060765835115564,0.6301152140763748
-0.42245625426769173,0.5149030292096788
0.729951816361506,0.5058372325046534
0.43719516416986326,0.26535580194972663
-0.43041093626922255,-0.20268907403195935
-0.5469823839491093,0.4661293720661219
-0.45703286048866776,0.5002821705499858
0.38149877854433645,0.3761998748154394
-0.679608487247497,0.5892090450985619
0.45813501673570833,0.7697295895216436
0.4501820821356821,0.36489763712250456
-0.37105978273987184,0.4352482778019322
-0.6327923252196723,0.611449599623036
0.5568556272968554,0.42015032971340793
-0.3558273286112379,-0.49302785320005627
-0.5043115064482104,-0.633179844248108
0.41507127107467023,0.7804984419163561
0.3262911053248767,0.7360572436501238
-0.603941147411996,0.6401157236716171
0.6364604557751026,-0.5206280601455575
-0.2323470069199074,-0.6171781510493817
-0.41941350710675884,0.7210703923148603
-0.33036925965056163,-0.5451632497748786
0.6997685062646062,0.633457553160774
-0.5884541157463758,0.2553798493361239
-0.546534650614767,0.4860085498648883
0.407532057732344,0.27714012159267276
-0.5384073496447974,0.6545419876787175
0.670549917897902,0.7023614799559446
0.3717231224350581,-0.32671174952679927
0.4278527136539796,0.5818958356126014
0.30037141892653696,-0.38594517956895436
-0.31929116667151347,0.4488419380277253
-0.2940751196259026,-0.7195032640493508
0.29149046452133476,0.44976161209260956
0.7420455687284524,-0.5017220656518979
-0.3976229728731304,-0.6148205376079867
-0.44057328114828254,-0.4850775032634489
0.4278805394715104,-0.4246140901532338
0.34441646069522935,0.5218209641571558
-0.6204454419098562,0.6738503166929539
-0.4060058024398312,0.7060679440794904
-0.4902046785330052,-0.4034659787245074
-0.3404581957923154,-0.3961462825338824
0.6986663477561701,-0.5281546418450904
-0.6305536863310586,-0.5425311113147113
-0.2811658615355215,-0.5358731058854913
0.3259451771006894,-0.5952947228789707
0.6168817036268293,0.380400997647115
-0.4946000442249958,0.6087147241034232
-0.663319636435129,0.5406893365213252
0.4521713774544627,0.35397312153198257
-0.6142690738601166,0.2567657264119112
-0.47791355121951073,-0.5245937082678009
-0.7562360086714133,-0.6056402563399503
0.65871817772634,0.23791467315429649
0.5572065643285893,0.43675587045227604
-0.5303027123156867,-0.46892779225230385
-0.5823806612341202,-0.40283149611570335
0.4259634527746683,0.5386537245891105
-0.6430794923043033,0.490998880376156
-0.5275725832818203,-0.6095828743749281
-0.5458321867537881,-0.572158441382985
0.7072434545137014,0.441753946057325
0.35411986979015997,0.5344362555622761
-0.7021250433053379,0.5434640236037238
0.7490482207504683,0.647865013184354
0.6095887876878434,-0.3559047096816166
0.6262504540029454,-0.6285530444525949
-0.31333099557530986,-0.2902954383643168
-0.5614764600356534,0.6212309558431943
0.4973835118317358,0.6595536358828673
-0.43359524756189693,-0.2674976254289996
0.6368383010116603,0.3618474585129796
0.4439873091436608,-0.7211807721590693
0.6928863563591041,0.5318236912542833
-0.5036487729017296,-0.3809227825147523
0.5953811246490559,-0.37607808794514574
0.5154461715952223,-0.34480061119668526
0.24305657845917672,-0.42355190366671036
-0.4437091319216424,0.2843966840532093
-0.6209641218349984,-0.5173975063548104
-0.32447801498526796,-0.5766007947057228
-0.5335880181714139,-0.5702274105976077
0.50797425342775,0.5679008866797246
-0.42333985627269466,-0.3836931511763533
0.40662864227161144,0.6762272803982026
0.6468886761186472,-0.5475861932186501
-0.4378153848358308,-0.5089738284820702
0.21335132065761964,0.5661123953411693
-0.308932943418589,-0.505791827252871
-0.5277251537013536,-0.688891644885345
0.48419718098002074,-0.35528838702800947
0.32994853859379303,-0.3985173814574938
-0.5878467870359894,0.5845518613734202
-0.3548187107288747,-0.3380131656797569
-0.7604924440670611,0.5037376469454942
0.5153512153335809,0.4720264204486935
0.7071977179886999,-0.5415691474357369
-0.2939175674834458,-0.7078083965114041
-0.7348478945120216,0.6079654681161009
-0.5279682353024253,0.44319708072605435
-0.42542853986078755,-0.6107114061781105
-0.594912694787463,-0.5630169351674661
-0.49532197160570846,0.6684735464542597
-0.3212090476455902,-0.5993106819934964
-0.4650974526063969,0.6822444617578494
-0.7309818713124314,0.4559275060646415
0.5254800920515077,0.7419796047776794
0.5276949075025816,-0.4806465601305441
0.6000268991296822,-0.6395355057225767
0.3898215570844592,-0.34291181517365255
-0.5060013017764178,-0.7098842443234785
-0.5064426371320039,-0.5330967499109205
0.32096164308123876,0.6777007545570315
-0.5799138484422295,-0.5188789796001143
-0.5197065398772431,0.6918181886149302
0.34240076968631095,-0.34062764196221273
0.1868210413636313,-0.434740311066683
-0.4599673496201606,0.3567001681969726
0.3106576272540871,-0.42295440243415094
-0.5054483183328087,0.7117729321618826
0.2927507838268679,-0.5176944259380454
0.6186220515114211,-0.3852362699131633
-0.6810878886994507,0.5537261211590596
-0.3406789774537917,-0.4504012749713848
0.4963093502979643,-0.46307077463647084
-0.7024424984037718,0.5689370563196421
0.6032798810729947,0.3935876856945284
0.5454086137459926,-0.4176114413282175
0.3903023135357584,-0.704148777700417
0.6598684770414256,0.4749091242473684
-0.5080904701394451,0.3403971047547141
0.4043674325214943,0.6962798725808135
-0.5813430212602915,0.2618811669210268
-0.40744325594677133,-0.35275076015269113
0.586629503497702,-0.616030274991721
-0.6655759919216897,0.6726988378418175
-0.4151172388842572,-0.7496529766658697
-0.555308991529867,0.6973122751313074
-0.7798734062074628,-0.4836703925337218
-0.478690848873367,-0.31437493445448017
-0.5553064702997323,-0.6821000919387765
0.33677930580616633,0.2699286363642419
-0.34335853129948846,0.38557494458561714
0.610061541463431,0.7221426868641136
0.3657375195255288,0.5531546969442707
0.4318099348613571,0.3774248405008911
0.2925360942384927,0.5797545573438392
0.352351871353763,0.5499762895017659
0.6626622590830409,-0.3175817564904886
0.5566761502118569,0.2148340930902759
-0.6657392177884867,-0.4110436060916598
-0.49063560130609174,0.4027886148804565
0.3815938249094313,-0.7388143922921087
0.5178975339992202,-0.532098516068606
-0.6830673359504305,0.6903101798247673
-0.5656589814376378,0.39236784377164713
0.42193372896212145,-0.7028801927530719
0.5945382291338275,-0.6727375074627431
-0.43510226549517417,0.712914476857982
0.5490441226019136,-0.49746872745161985
-0.4139280942027008,-0.7022663255828014
-0.6757594293211684,-0.5028218373033069
0.4084427192430533,-0.5956649635191733
-0.4760168004802994,0.4116662042184045
0.29149369694889415,0.4837371190128217
0.7391666556634657,0.5230884547650148
-0.6405716854167338,0.5469220920325699
0.5287265974379274,0.31800305265508255
0.41504830867832476,0.4665512118040147
-0.3580003506002061,-0.5575203179893544
0.2626439365087616,0.5624579619537304
-0.6481078609859334,0.7383844455690134
-0.6008279232966092,-0.36762895929359485
-0.43582236598937696,-0.5433840115580693
-0.6177767614655016,0.7171386226490366
0.5975403430752781,-0.4373752209989812
-0.4074122654379795,0.37930714787340625
0.36220371117351746,0.468649914021958
-0.41571164517189985,-0.22688071031636037
-0.3290231179172005,-0.34993212822751874
-0.3120639528486775,0.443876165017987
-0.504236246495203,0.6246121841332972
0.625607188874385,-0.36677612446411767
-0.6599420827624751,-0.4386884929827106
0.7331339111416633,0.347370205525394
-0.590176605799458,-0.35097052113534266
0.44882736573059057,0.46174530703893746
0.7178991814101723,-0.5732393454567684
-0.2906840527909458,0.7463174593968303
-0.41756882231033954,-0.49071010756768074
-0.3559521264966663,-0.3598355191219087
0.5780688847538735,-0.46901250739383027
-0.517070960525825,-0.29956046039625006
0.7081475534583284,-0.6094045661618386
-0.4386063814219463,0.4546102134782808
-0.408557956524775,-0.5751432178946838
0.6416510565885514,-0.5266489140683208
0.3114210426931976,-0.3770612207654027
-0.29299136729645414,0.5665816641905992
-0.6013194413338734,-0.2283983445531763
0.46394139393305855,-0.4806758350552245
-0.4030271926351001,-0.2769194329321767
0.4973677642409364,0.3380540976372659
-0.4245619968691179,0.8373539904234384
0.5651118794898147,-0.6080061810133994
0.28802456733713977,0.3785992886535685
0.3169046850113404,-0.5182740765001033
-0.38798597747053587,-0.4451072082379044
-0.3335723512765849,0.2798507805761705
0.43454624252178986,0.5694952426413902
-0.6601031196380451,0.5957609477563655
0.5205133849610744,0.6743827829819526
-0.3874421917374269,0.6608581778718303
-0.39579680136889217,-0.5395386005244489
0.5539098417776869,-0.7719178201790498
-0.5905027417702335,-0.5944074101607526
-0.6007682173592459,0.2906248345363498
0.34146238075309654,0.19725125354527306
0.36024581291384505,0.5551811789802636
-0.4129070569416653,0.6037082690960258
0.3543821320631013,-0.3657060057227377
0.5112419340855616,0.6124456484386853
0.6817102149212044,0.29483876114796925
-0.5380676221910128,-0.3748959057172303
0.6898975847842819,-0.4727970777747079
-0.5975557531302227,-0.575614968889218
-0.5459134452959655,0.3648851770137884
-0.4930880330198131,-0.5713890646114641
0.3591245787506421,-0.5433495069947567
0.5277871487198984,-0.6488006653402143
0.8474007430918613,-0.42730577673044
0.41497393989235776,-0.20545199131280656
-0.328745209283027,-0.45469788692806556
-0.5295701691216013,-0.44480919661744056
-0.6823161844310144,0.32338842691505265
0.6237583921483987,-0.6857257760705662
-0.7904497436928124,0.4085086621540934
0.7265380632773049,0.5906453582152449
-0.4081521267256427,-0.4200536832610835
-0.36533218437275905,-0.36723244305347436
-0.5373785118319481,-0.4028345186502027
-0.6096952598499474,-0.29906312363807497
-0.5250420489450693,0.35448450512838914
-0.3897929867518972,-0.5563282939788581
-0.698133746765764,-0.560204949523299
0.511629168254822,0.5596519040368995
0.6447261483378595,0.5724201666373581
-0.5519981133154053,0.3072444896012936
0.3507124659822165,0.4279679005167982
-0.3563913165142121,0.22293918450940842
-0.5626226616294554,-0.5431584005471757
0.6239929294677058,-0.42173937559259267
-0.35626904551807925,-0.6693826081242031
-0.6345861768507202,0.6013361319625345
0.5042534843784168,0.5172065455982033
-0.36909621561764894,-0.45196589701956746
-0.6669841837693034,-0.4838392548423567
-0.49068729714988635,0.3053451886136809
-0.6155297468568703,-0.3401689908908432
0.2787229695014355,0.6055070050558884
-0.5783589503318749,-0.5311321003129936
-0.5611004826215611,0.5911660127520264
0.4873371216131812,0.548362815614637
0.28877828643068004,0.4169634571719909
0.777646729932979,-0.6418795184080377
0.4756420748904997,-0.4898198532060869
-0.36057843623553265,0.3420220844439623
-0.5916454022984197,0.2642920701853133
-0.43867111826621774,0.4565106073675451
-0.290137630342308,-0.3146995877131096
-0.4043451294957927,-0.3827759272522189
0.33363439263512973,0.6717988290573176
-0.41820250981612417,0.5712496355829773
0.6110225852793296,-0.3244985985537372
0.3646454045773324,0.434146672129063
0.3580120466354275,0.6505334700188863
-0.705473875924828,-0.6404965535314859
0.43333328171143237,0.3019593735981574
0.515648772338474,-0.5407057403437636
-0.6782426125608958,-0.501843054810331
-0.6058481083313243,0.6125458528208099
0.5179495760157788,-0.3376874661617655
-0.4388749756479593,0.3182177795660803
-0.7346638447734932,0.4479315343647077
-0.3704365147585924,-0.7376854820497392
-0.5650213636715682,0.6977427211387388
0.6703377063583702,0.4024752124844839
-0.7053423975670536,0.5294752440525909
0.4209234169409237,0.3629358035082706
0.6754595363056191,-0.6051234417102114
-0.6822313391141441,0.5272438605221361
-0.3991865986314531,0.3752711537530069
0.39185284576064583,0.6434771734604785
-0.6470464202973063,-0.5177858434029368
-0.2480247490432057,-0.5070719788043225
0.783030377530425,0.4573248829549843
0.5642174757834229,-0.45050474206728985
0.6902413691914524,0.5235229892934856
0.6148639610701774,-0.49587984998454715
-0.6557338535552701,-0.5550373574441752
-0.4844473348248608,0.5313783783800492
0.6159915491777521,-0.5004471362212037
-0.6697553347634508,0.5989081938743126
-0.26584747991433777,0.3535401729204479
-0.5774722717623673,-0.5295088102229131
-0.43349809323158706,0.23046222023653118
-0.3699071894781265,0.39212312030645347
-0.6882895964504379,0.6511468365515103
-0.6773101848924157,0.44612578852378637
0.5220819602166085,0.6844992425298173
0.35825601931989826,-0.5355537257952379
0.6941083491947537,0.49721283445961073
-0.5822577335277375,-0.4438103970867673
-0.6697667652116654,0.566159970122744
-0.5112550387293733,-0.6413336246546377
0.5889301926747825,0.3573380825974133
-0.5055586442454494,0.4834536134642251
0.6331172471277935,-0.3601926059160754
0.5741005972317639,-0.41380838659443064
-0.5177705588434676,0.700159712689097
-0.5264989981315609,0.32366236159955064
-0.7059011872525891,0.5834107323517952
-0.3934575994976228,0.36031806687088386
-0.3379504578296799,0.6112353551049929
-0.7020769675873475,-0.5706624994720519
0.6007533167747663,-0.7431129572234043
0.3628972099537624,-0.5154791524765261
-0.48781849629987684,-0.23062027477454028
0.5765296477323485,0.6039465504801351
-0.5032228570533359,0.6896410596137101
0.5415733485855221,0.5949407318063016
-0.6164129483828609,-0.4067351642583892
-0.7144061430444346,0.564547464722307
-0.4910811040936922,-0.36286790292397897
0.3946239350033225,0.3064889637438142
-0.5177895013414593,0.5529685433330953
0.5008443760059511,0.20346785514362176
-0.2616127312065506,0.572889921392312
-0.5463880588499666,0.5576687416872059
-0.5268329558615032,0.4433184920194
-0.556083324192167,-0.5993802599642104
0.6067857388108826,0.6301757833308266
-0.6785723041737739,-0.3785905816583135
0.36326071968702456,-0.4407171857625427
0.5433183001279203,0.29707332429478206
0.46495256954247344,-0.36827931739710396
0.43908183730012174,0.7320709429705512
0.3425617174443547,0.5817650251172766
0.43802361924279243,-0.29401396812155545
0.6413848031317679,0.6373918603072295
-0.5075299689996888,0.3723502335254918
0.41358511520289065,0.32777341124394455
0.525918936494745,-0.3176067455573126
0.40240798220806395,0.5291667671120228
0.454150005281462,0.48163463502592263
0.5590585906178891,-0.7612056949852919
-0.5082291519351467,-0.5125783840640854
-0.5244653325867892,0.5877174077633185
0.39576369254199983,-0.5718368152843967
-0.6351495199704198,-0.49448378408203686
0.5057769841020985,0.39175890913631517
-0.6586325498419616,0.5338338506167299
0.3018035685101179,-0.7050215173557348
0.6852656211407078,0.5340586946421273
-0.7189750370450059,-0.6394663572061599
0.5606815966032213,-0.6398855164123423
-0.25940490268348904,0.5546598576915989
-0.6493302531642615,-0.44628001623438496
0.348576003976085,-0.3689567893687782
0.549117188715659,0.3277832522276656
0.5326259946094547,0.33341869479283925
-0.6765271855703874,0.4002543511510521
-0.42931742202332424,0.3204855795861379
-0.2933242611187439,-0.3142042955397284
0.6151427604332231,0.5187577354596067
-0.5801265020524684,0.2861878163841236
-0.410419513649001,-0.6823718891490447
-0.191507386526504,0.44908716520530967
0.3992209232657491,-0.35428336080072276
0.5704145960690794,-0.6770287786115041
-0.5240874095261461,-0.2817043517449649
-0.4565509871611251,-0.4052235890139253
-0.2838004097854132,0.295540120296909
0.7416859758281416,0.30317945365323395
0.2824845627496262,0.3968169946690361
0.2577114714381896,-0.49608265083532244
-0.34919545122976414,0.477285589157741
0.6536244956830435,0.5943488310536602
0.35293819208709865,0.6206185367383024
0.607952575365333,-0.43472514235229
0.5330942187930676,0.46045553037954523
-0.5543582176419357,0.6879855214182509
-0.5470769338525261,0.4900399823884589
-0.5356522640413615,-0.38950496963246084
-0.3517972797850195,-0.7152330252592853
-0.407575906956811,-0.3323267292110932
-0.5760704040963314,0.40190184016228025
0.48323856564539547,0.365470017813069
0.5245129877266783,0.30180483165908933
-0.606001556048263,0.4582067367405249
0.3949319333747976,-0.5113414139131802
-0.4171936525306954,-0.3721772948302431
-0.747472385952082,-0.6015407116524569
-0.44204800589353477,0.4449371083164222
0.36497570901110765,-0.5944241003574517
-0.3489535704003057,-0.3876124023103398
0.511954958275447,-0.4948728223444703
0.6524133770293059,-0.5220607032161904
-0.5526050966042366,0.2746721534527268
0.3446829627742314,-0.43030736679817516
-0.5228936429058433,0.6603834487413134
-0.5226644488513048,-0.4368939933307181
0.3074449854374057,0.365759141308728
0.44826589509813486,0.6832146742485221
-0.47587909228402636,-0.33068095232089134
0.43211348731342225,0.32775226261544566
-0.5931865404161483,0.5712755753988179
-0.5476580100985216,0.44272562034297036
0.7129766870716301,0.5548396405678346
0.4779087765666483,-0.5488871706177021
0.5002376801337107,0.6182259568136044
-0.6163633733777556,0.6862887578888759
0.629410325546282,0.5406284674565873
-0.5565720861464465,-0.4741459018549319
-0.6828795458696002,0.4471700610414304
-0.2713197782038961,0.5701633724355577
-0.6447555543242482,-0.5445219122042555
-0.7055794273462328,0.6071781228548736
0.2744644954872699,-0.3978619157999137
-0.20128572051259974,-0.6027044340487668
0.4842290007868473,-0.2913628096162866
-0.35173326203583444,0.5356496142643434
-0.5032582919031703,0.6160258291603138
-0.36380508150959456,-0.5523788883464882
-0.7738418496543571,-0.5769746618725868
0.5240190754060432,0.6692216749130493
0.739261880605927,0.5488865718992189
-0.4591287183202659,0.5783361492405297
0.39715642506701343,0.395322647939218
0.5915692124978331,0.3891608779207827
-0.3440612162931498,0.4469053107292862
0.4102634777093217,0.5235910889775368
0.18339359879458272,-0.7173755901304151
-0.35367815778810296,-0.4073347130344349
-0.48853444237498245,0.7350663522643046
-0.4913706660362849,0.3551723494548167
0.44371315393732047,-0.5340299847440557
-0.41614188206418623,-0.39422749120382394
-0.5678193055648153,-0.5515695132833969
0.7631864638621075,0.5843954804531895
-0.6508318662671579,0.632337006958992
-0.4066847306476191,0.5275580637563013
-0.4543331507316253,0.6946613838606714
0.3435386674508185,0.7753242951755288
-0.685129799542197,-0.5149504428483469
0.48266570121982655,0.5989141114754468
0.5038298101130356,0.5173444386256469
-0.7654575572127325,0.5343719493482431
0.4445937143530949,0.6906208281649138
-0.4141118038679723,-0.4350708193680686
0.24638820636894,0.5244435645536865
-0.48175665238712084,-0.5053588934092483
-0.40510562420380825,-0.6950236962451835
0.5021089672498142,0.7108150572077727
-0.5651078869168817,-0.23527229373739456
-0.5434636803404671,-0.30563683286445587
0.6687577788403924,-0.5656912099035256
-0.23284563566095073,-0.4180351034449237
0.6293571368374671,0.6492767302600422
0.6152579758395136,0.7311867249221937
-0.304132291163169,0.516360411191819
0.6911293185639791,0.4580318176670919
-0.2570391889249979,-0.31568736143018006
0.7401601709720844,0.4903083595269664
0.5267349173489342,-0.3900762006422336
0.4452650379998797,0.638571292535713
0.7869253267889236,0.38162063463648543
0.4484114337057108,0.7004678022775617
-0.48840420142086627,-0.6771539218215306
0.32049521060267794,-0.32327271200433016
-0.5743442420366762,0.5787876432342653
-0.3603937010461771,0.44276219582170584
-0.6301622815108836,-0.41347726482792635
-0.6532461240556628,0.36491037705313834
-0.6740600038511466,-0.675802120443878
-0.5339807633455822,-0.733137409128602
-0.4067306688652417,-0.22416812166626898
0.4334839004080917,-0.5888130662815989
0.551417733937307,0.3402712334338125
-0.26653707708419283,-0.3991084309519266
-0.6950380204513054,-0.6025986691055818
-0.5216547356760346,-0.5187407653834326
-0.38810381385405246,-0.5043420696092853
0.5558350603407152,-0.31187124162225577
0.6810252660471761,0.29443817907523906
-0.5546790783081403,-0.4605032248012577
0.2970442682125287,-0.5490053023972299
-0.441737937903639,0.74884375167552
-0.35194479365331355,0.3877285155456911
-0.4809992052370273,0.6643120587849207
0.5245055992268446,0.705665435370372
0.5089199260639192,0.5120395928614014
0.3212181073854141,-0.29643215413759827
0.612956875592992,0.41522239657249793
0.24926743358192227,0.34130535904841386
0.5952842917073877,-0.5718078725193265
0.4367213257449505,0.5485535349352582
-0.3318460029188959,0.5778886566626302
-0.33196804904322463,0.43014205884071366
-0.5311501221824575,-0.4824352278745836
-0.30904947898797896,0.6029421874422565
0.367990663429143,0.41116417448467746
-0.6398123076437539,0.3614279835616492
-0.652314342528779,0.6139828660207733
-0.35827409765192586,0.623871897395079
0.41141362652694413,-0.3625361848936801
-0.44574203225884124,-0.3235897120000668
-0.508581560280349,-0.48390497583393577
-0.7044330730441763,0.30685983373777814
-0.6247980669884368,0.5840609488153163
-0.43585054850144833,0.5669648263063363
-0.41950256697731847,-0.5742215066943868
-0.3839823060494114,-0.38676417710495303
-0.392040970780823,0.49558462834076344
0.5308104895386552,-0.6508791002520549
0.4525621765890828,-0.5205277318551462
0.5933131224182064,-0.3816993943321525
-0.4279526156995377,-0.30497040895041594
0.28629061530435673,-0.3569578784744949
-0.33645225356205355,0.42405155899353386
-0.3661470422852755,-0.7240599975183439
-0.3235531102721292,0.5171994413378338
-0.4964716441675203,-0.370170462318981
-0.5010229264332497,-0.5925049788316947
0.36323845623042517,0.4288000339070419
-0.5704274326008127,-0.5832017661210676
0.31060294500527963,-0.33365497734390814
-0.48333894895815166,0.2565529178003072
-0.30627648203200253,0.28244312230440904
0.4125695684775055,-0.33929445393127433
0.4389119660408898,-0.6163886149107842
0.6819998699705139,-0.411920370919578
0.3507305179768687,-0.695667762957203
0.5424394190638686,0.3146904344138233
-0.5784594246431005,0.5365229762229073
-0.32944882161970757,-0.4271918800141272
-0.5693604308829481,0.6420288566599419
0.6744199937587676,-0.6043506611458254
0.46572310710528697,-0.7680525428047469
-0.5588084460254021,-0.7166787521405069
-0.6354813731505216,0.38656903540479726
-0.5658370964411956,-0.5306791466722205
0.36479235936013565,0.3157974035753952
0.4124264695064648,-0.36487529444466227
-0.38521279352378346,-0.7638302397660226
0.5043471280704266,0.360167129753322
-0.6453946884554675,-0.4555974920690784
0.5172294103837174,0.3781648374435689
-0.5782405991204755,0.36722295233458535
-0.711478949537077,0.4812431103870711
0.4709473052204558,0.303704191453944
0.6322405342302089,0.5398675141324671
0.5915565956423989,-0.4307103357351465
-0.5184491522305472,0.6429867695597187
-0.4465713572036918,-0.44244689858096464
0.24390963522895825,0.5281080337481727
0.40109874545627466,0.42636425741135864
0.4126441180587306,-0.44155586584350814
0.5010940293034314,-0.3437694611370474
-0.6165060410442993,-0.6123672556674351
0.21702246846861595,0.5618239404526013
0.4100960185301865,-0.288619482185583
0.5868459455684336,-0.5124912220764641
-0.5960483668295145,-0.41138883736000675
-0.5839786327825989,-0.5361021097689822
-0.3851983260332408,0.45871419001305025
0.5121276109707955,-0.39474420005213484
0.5550568370169746,0.3717401694935114
-0.3866664372890234,0.6404752112960654
-0.65048786620298,0.5269606413742811
0.605164597820909,0.6513769434296988
0.33435921835961846,0.6961901689948271
0.7334000569947028,-0.5040092566374186
0.36965658038220917,0.3775579096300514
0.6463869514786429,0.6080368308373789
0.5642696668173774,0.5920581879193734
0.4231604361248582,0.38419364841111037
0.429366777543597,-0.4876249448889345
0.4894491403300867,-0.5712051926554347
0.585709690634054,0.601273631062549
0.4525675918535401,0.26643013741447885
-0.5556594346848802,-0.6184700597878834
0.24464045466135032,-0.3824107490993398
0.38699818295006305,0.3826224406350982
-0.525977082607135,-0.5047314018149165
-0.48649211326815345,0.5911539740695886
-0.5774593376788437,0.4048172114130153
-0.4386084477808838,-0.3853260553515345
-0.5082618348986805,0.48764846333096346
0.38751945616785766,-0.34445812834304324
0.5131051622145009,0.7622553538836139
-0.3688056380411704,0.18902838124100185
0.5088260563919578,-0.4228851149509749
0.34653303770524513,0.2644222887800125
0.5810488026377385,0.6560941021907061
0.5370130161680076,-0.33296337997432435
-0.37483930124114884,0.5108031048240227
-0.5935676057961567,0.39970335458700257
-0.26901304842906937,-0.4890928839685049
-0.74459725029979,-0.6111516392520377
-0.49044560775538626,0.5288452074968555
0.6368477539177699,-0.6718869382331405
0.398124459344938,0.5210180450172659
0.38996527880082477,-0.4873527189132687
0.7047100821480965,-0.47078115437160295
0.6020160320777792,0.584303251340708
0.41089580527254244,0.3030010226103248
-0.30452111502235546,-0.5040464502333921
-0.3193382555352844,0.34485651610493195
-0.3845795835912411,0.5463794501751729
-0.3415954682311517,0.4667635364883922
-0.5672674223467875,-0.23522285102709528
0.7040271399774707,-0.6000612723909589
-0.6875820090889229,0.4905242488814754
0.5385737983854584,0.4509077401528756
-0.5818883355327324,-0.6876274471450006
0.469223839075368,0.36055028953508694
0.40006176199504573,-0.37875823184796054
0.5566836355411406,-0.2272916539266716
0.5035123482080575,-0.5392345904096041
0.4601906108609741,0.6141575199769951
-0.36299180513693585,-0.3464104803508432
-0.3626345886015352,-0.26391158539598525
-0.5183560750592353,-0.32605998985265394
-0.6421646246140689,0.4465136681300228
0.4888346418429905,0.6732243494482091
0.7493215786285365,0.38818185558040175
0.38842946834450465,0.7211732814884264
-0.5873330442548161,0.5476983225466885
0.49538262098406616,-0.6189048024778423
-0.6126799794165341,-0.6073465387885386
0.45998196414830184,-0.48572717184074143
0.6034968536049923,0.6312890826583011
0.518341380720406,-0.6528014812887826
0.6133150579327664,0.5176536658323587
-0.29378977033817266,-0.6224953446530024
0.31995833518716643,0.7083015140960514
0.6135115949062377,-0.41639040825698426
-0.4407476783948123,0.4270367485529625
-0.5594395844885702,-0.4697446690043592
0.536729661450869,0.7257196486296387
0.7903560636469629,0.4726269686561615
-0.34842374900339723,0.403074214503814
-0.31463226291696444,-0.4554624253793207
-0.5019472517807213,0.3044913072354152
0.29750066613173254,-0.6850737988445161
0.5185779905156624,-0.49999173875696146
-0.6142511202614149,0.5978808407759828
-0.359795047974137,0.6833178838407816
-0.3873041867270317,-0.4717947670412399
0.4628906454173536,-0.3785794135644034
0.6167803239686462,0.5962672179910871
-0.34776258473315047,-0.32459603617894484
0.5727063975123945,-0.6830560705560056
0.6894375150112533,-0.5159222771123781
0.36880913911146385,0.29768886002679773
0.45951548108637685,-0.42008040545494496
0.44960083746723534,-0.5694782864472618
0.5658449914597419,-0.3389886359398713
0.39174017440134934,0.43248628335903994
0.38836386056987626,-0.4516018231704544
0.7063897878852567,0.651946120780593
0.3362152786842807,0.5068301466339522
0.6438924646090616,0.5396491431742898
-0.36494148870259746,-0.4917201409506171
0.5596071921765446,-0.3407706458472266
-0.4789557120486607,-0.5217408264599754
0.4989081476912902,-0.39427404747129535
0.5555913105860182,-0.603254270581248
0.41416772899767107,0.6996656351250918
-0.3569246691909731,0.581773405522295
0.4473191212532657,0.6441487332816913
0.27410092617462856,-0.4447955375364412
-0.3978723171973908,0.6342439687504786
0.32107931053819794,0.6690163582200273
0.3405422783392904,0.5995821555010774
0.37077084761985346,-0.5787500936469241
-0.4761639507269706,0.533303206856546
0.38663114338880655,0.681481526466444
-0.579502106657797,0.23982539379275525
-0.3356219915391152,-0.6857306244601902
-0.30787069189828253,0.6927810924886098
0.5970388520153365,0.7398585340587605
0.48868185960012345,0.38199492855508854
0.4693200346833606,-0.3247467137899618
-0.4828461288756314,0.5639578083709815
0.6302147281520052,0.4437260993446437
0.4317611167152302,0.6732587101571916
0.4208814831500156,0.39657518268536185
-0.33641195015875436,-0.44770568179215786
-0.595381564577872,-0.4641923816273823
-0.6139019935932588,0.5444670573984458
-0.33275748779081904,-0.5796146481376856
0.3216493082725864,-0.5036527984018242
0.801741276440862,0.5166175281109997
-0.7059896773530046,0.5856844334103686
0.4751264722862323,-0.3811850175371041
-0.33764158163955615,-0.282936249368567
-0.6256289030150479,0.2823849733523458
0.460604264967974,-0.4986392783580025
0.6684302424635418,-0.5208010354892973
0.4357859259846697,-0.41678224606608905
0.4838862636807906,-0.6562994354094429
0.6563170071589366,-0.1729148009841568
-0.5251734621463657,-0.5732478917280479
0.5548478013546612,-0.7368757921212066
0.404999441813761,-0.3841204993446965
0.5133968734664454,-0.6012725555183809
0.28584556495975844,-0.7397791439117758
0.34461835734096335,-0.5565201912747388
0.5909822424503692,0.65549970260119
-0.6158717064875614,-0.38177137694012164
0.6500963486069533,0.540493202356398
-0.31073499993138465,-0.4084663124918497
-0.3322155574052674,0.3964093902374224
-0.4370403466246382,0.7330571363688136
0.43141181910882365,-0.6432907920404936
-0.3564500144457423,0.5623827439111004
0.7652782046523259,-0.5431465373926136
0.6629409538195765,0.5520111687191991
-0.2462670539413152,-0.3839055732906298
0.5078834044332226,-0.19406300708692803
0.5178517192559384,0.4724067522205657
-0.6699223677427852,0.4443953493024151
-0.3134616104742074,0.6531721271062754
-0.5104029433853947,-0.4268722619694787
0.5114222305649105,0.6867367049426019
-0.4407801406558023,-0.35440002103922885
0.7059113197416464,-0.43737392278855314
-0.37207644359905445,-0.4100273400037793
-0.42765660120998494,0.5709836026334876
0.41013128915102537,0.6407927015296453
0.5921364581686914,0.40692776170231815
-0.628896741890635,-0.6106463816306276
0.4472823412641427,0.640249126300156
0.36006931797062247,-0.7350501601111403
0.5616050446982153,0.6334901425004331
-0.39828195501282604,-0.5517270444733005
-0.5343405511482828,0.43773083875277075
-0.49741680028520663,-0.32372522988961516
0.29782306346793175,0.46248868371315544
0.709459163995156,-0.42733823393545434
0.597718868501022,0.2734275083827147
0.4585064739458069,-0.4327311509237233
-0.30847104919111556,0.3812435173756945
0.45392886173715574,-0.6668672605454107
-0.7188179990784296,-0.5316555739449613
0.6753026208192183,-0.6360254533242569
-0.6608669008449015,0.5998024658213301
0.6664311686949465,0.20716793855438254
-0.5622703404988618,-0.4728801893328314
0.4726155273501711,0.6356277443120415
-0.7169475911103347,0.47724228615323905
-0.2008251926960254,-0.3638492282083303
-0.7107258396083367,0.5048347014695032
0.5503731157585683,0.4606226294851461
-0.5052787643464343,0.4940793561102832
-0.5782492074088867,-0.31080082360024575
0.30518145455791323,0.47962134722749705
0.4138501218804955,0.42674776557739325
0.5637648644541471,-0.5285026135585806
-0.5032663489296325,-0.2661947480481035
0.5529531020022569,0.5152148605557678
0.2629342644855437,-0.4282657086120305
-0.4879531894996567,-0.44843380510803765
-0.637913700434376,-0.33259017292826076
0.4978126013041193,-0.48821926493947543
0.2733014479426681,0.4116516377712045
-0.675759858314595,0.47410740157385933
-0.6937815720896416,0.6411458450721701
-0.2316889107286484,-0.4022267781112632
-0.5583013948192874,0.6043698341178787
0.3015589758387418,-0.2856125348697447
0.236249627520712,-0.4919916205592514
-0.7762784601761619,0.4634159074188391
0.6346017067889191,-0.5205232216105986
-0.561481686055338,0.6538878866504485
0.4757583142391817,-0.7085589721726189
-0.33893252388366935,0.5750188087334316
-0.40613128881886107,-0.519832939020413
-0.5340797045955883,-0.5304306293848469
0.6428234752821882,0.4083644563156481
0.3002390216841939,-0.6071230753515231
-0.2743028102404801,0.7116439472356273
-0.36459029519687425,-0.3942312593153636
0.39024818237405734,-0.6754323986195774
-0.681361400608202,-0.6334128619263804
0.5290746093463268,0.4430764665734568
-0.6433579650348786,-0.7132287718969794
-0.6149504011508169,0.3630210464046637
0.4149815991547694,0.6593266731336005
0.5858340870126009,-0.43238888296554867
-0.3697796691846109,0.7122588909952614
0.7579999981576382,0.563343648927912
-0.5953871717594654,-0.33359091667213603
0.7141696499578225,-0.5766506015699993
-0.692346718906895,-0.5096977554060846
-0.373888856303799,-0.7062919467955979
0.5860998352941216,-0.6247238240894901
-0.5438969526340132,-0.6984478043098903
0.4804802675896225,-0.3418429056738057
0.7493559235418177,0.48848290335877365
-0.4446350191466042,0.5790916209719343
-0.42646367839724286,-0.6531890616544913
0.3636879922558003,0.5006011690704308
-0.5213144345105936,-0.5885837378504926
-0.5890144285849532,-0.3334954715124261
-0.3066192403108723,0.5552161020606874
0.7289339095950769,-0.5656870965562018
-0.415673535035084,-0.3037592636064239
-0.7432591755293194,-0.6295427888844614
0.6767333641134823,-0.46511141952175694
0.5148799323709776,0.3482884973923033
0.4324035305423519,-0.48543151200283297
-0.4291618470034997,0.5436643096424745
-0.32365873598493233,-0.3445931358111065
-0.5429753016420478,-0.584963052631783
-0.3400304103127807,0.42323956747144154
-0.3728615737127188,0.2533801463442382
-0.5662033510038078,0.7783275311756321
-0.329003764460311,0.5693564686981454
0.6815950194538978,-0.4470503535739636
-0.6032902692417912,-0.46216073784445477
0.6597141279436556,0.4438853433790213
0.6797813148343967,0.3398461463830762
0.43906416726409647,-0.7553684684148412
-0.643461864889898,0.47977522595198785
-0.42337411028696303,-0.1765900933372162
0.33592564581220197,0.4409761029676673
-0.23531801974821853,0.6155236379563329
-0.7078761831217446,0.36453664850771883
0.6574102607667269,-0.5517762086221185
-0.237551396934242,-0.4901929864518966
-0.5974579382506133,-0.3700092657693905
-0.417584290962985,-0.6070266940373852
-0.44702743990698024,-0.5600727788909639
-0.2540852944292009,-0.2601603890629933
-0.5135025358318237,0.4568626292949207
-0.29986520541182515,-0.6160157761391505
-0.28142507327043265,-0.46651695150689676
-0.5670187201868011,0.34749980717187046
0.3179345534621525,-0.5665277986299748
-0.5491560160871956,-0.2850279590721616
-0.8134760319479406,0.4222055924710715
0.4612742350269914,0.5261382122364928
0.2340128248257325,0.32331706547901273
0.40772096750141373,-0.3659332350136244
0.5328084506996615,0.7189557415130234
-0.6361917856833241,0.5037342375048577
-0.37375903319313153,0.3013532663591014
-0.39675764254198675,0.44608253607868287
-0.5357466140147304,-0.3379030877368845
-0.3936087359838003,-0.6686386344786965
-0.4462018953630167,0.7419721299302102
-0.6867899793443883,-0.5431430929815295
-0.33068393698906884,-0.5029464305019509
-0.5279809258079553,0.568378644990829
-0.3853193438284217,0.3575149602152492
0.44934659219252326,0.5242936538599372
-0.4837084237642961,0.6200364474434124
0.42900193527925823,-0.6259707986572711
0.5532041211529166,-0.3693886920021632
-0.503512404692779,-0.375437513121635
-0.7029580162022067,-0.5649810527223444
-0.582301863773695,-0.5999767746845281
0.7193002981265237,0.624703645727916
-0.3191147329303936,0.4296536756089191
0.36385825930845983,-0.6761984297540873
0.37371720880694226,-0.4656342022254014
-0.57079207790303,0.5109696171971712
-0.4699745961558468,-0.5367234559212739
-0.6507393757129303,-0.6795163058709675
-0.5015879641444938,-0.5295237326885973
0.3810554737608065,-0.5255260324890869
-0.5725007330160583,-0.533318458715142
0.4256525864616707,-0.42129712114139894
-0.6206755183988257,-0.6747673001502703
0.5674672430531342,-0.565590060355299
-0.4244254339003992,0.7499509976638146
-0.48692411619305154,0.513146145375758
0.6260651558781167,0.6471523390554703
0.4779249056021939,-0.31285933261986276
-0.5644837815271202,0.4046398831374205
0.3837304088767244,-0.47893601385302453
-0.47632419828818606,0.6593380599517393
-0.6451372127459096,-0.44432551739171555
-0.4430525571282258,-0.48000962802987734
-0.2964900044591985,-0.6884137218098931
0.6029990247825339,0.4712534596152962
0.648185005296172,0.3255265575932087
-0.5649696230646228,-0.6860185401604884
-0.46996031152253126,-0.73005330956789
0.4171688858163376,0.3525960094817506
0.452681620400065,-0.344342002144437
-0.29283304938629384,0.6612206362718558
0.28928073388451847,0.6178506384679583
-0.4427449966934687,0.5815404523686034
0.3284723745104561,-0.38391788948627137
0.5611974299298568,-0.4915764914277687
-0.6842402753346333,-0.5559652992322597
0.5942255825762506,0.5618606526870342
-0.32279529860285217,0.3289337361149185
-0.35784726773342346,0.6122396194452557
-0.5875705854032676,-0.5568098218658215
-0.31709357230102264,-0.4742694153241085
-0.3856060453122825,0.5100715410691534
0.447318993183218,-0.24528825797272757
-0.4769844936242438,0.30021051716346014
-0.5688260349934113,0.33872704690001787
-0.7383888352988663,-0.6294512286180522
0.5763701482606238,0.2816565247612164
0.5389855777070338,-0.7336455932081538
0.4427683354973604,-0.5474462054689742
-0.41517256788877566,0.2745954151170984
-0.5632003522812217,0.6858673812253824
0.5283679087192812,0.2917991970939007
0.5696253371130546,-0.334810588885911
0.6566566326452832,-0.5772047421449757
0.35395672180587945,0.3804472959112317
0.5316800808364464,0.7056048212268622
-0.45517320461969657,-0.7646082164227477
0.5903891044840475,0.7921244967721932
0.2638338825373092,0.4397849389109265
0.6681402685353,-0.36411553463871593
-0.4538398988845196,0.6972075864870737
0.3735957081891479,0.34366476130186063
0.5855433573684818,0.44896348936253583
-0.721864758914577,0.4783648424312543
-0.24675303227160916,-0.4217799444426955
-0.6802558041253401,-0.7531343707790938
0.656240013508987,-0.27026923195934516
0.5760377116126658,-0.5775993466063947
0.3960026366862426,0.3198351636787362
-0.4641386070268032,-0.34052260441039595
0.4939618279494926,-0.46518380629242295
-0.49327299627754617,0.2822531514753741
0.47724564516822987,-0.7559037145438994
-0.47917584426139825,0.6543594026553936
0.7167564265151083,-0.4319157228529391
-0.5144663386838226,-0.6533344760801321
0.6733346823658668,-0.5921823906396564
-0.5084262668897264,0.4428547770163014
0.5143816049100951,-0.5573008442347733
-0.4410447916274476,0.38205584133166237
0.665042083911036,-0.5858176926158813
-0.4482732813127237,-0.4260662953467589
0.7288995450738123,0.5220163038687748
0.65594880039781,-0.36764431872714365
0.7121577920685149,-0.45324271842852526
0.5388454252929475,-0.7047354555366065
0.6466887466244553,0.6402706454868898
-0.5003212576834055,0.6013222727109209
0.5372176240564361,0.527792946083816
0.36217637221947796,0.2851362044093182
-0.3991943760598462,0.7537393478956314
-0.3537564413255827,-0.3229446332330721
0.5126953411691964,0.5069438933584867
-0.5123462850406892,-0.2949437921094833
0.3958475050615551,-0.36806125680997237
-0.5103543825813499,0.5934954930862386
-0.3623173042709955,-0.5442148593299523
-0.6613859007973983,-0.7064202704989102
0.46723124848261843,0.7708640412141912
0.4966749754377464,0.4576314369659109
-0.3361048323489928,0.40786601174367165
0.3557491536673467,-0.4177805899259073
-0.4705597910079624,0.4055852805732776
0.6072234226386377,-0.7085346431771873
0.5519286004936887,-0.5586346598891654
0.3705764022435549,-0.59044417914712
0.6266557074797383,-0.4917955798965372
-0.3421511769061292,0.3481847623341108
0.7200293808983658,-0.6555047048882634
-0.35302904881916186,0.6161556194636739
0.4522558086156776,-0.46211870303793434
0.5091497921915311,0.7199578858239852
-0.22126859816654254,-0.5298582681706034
0.4315227608310035,-0.38628489453347203
0.6867724311142924,0.4608946447013058
-0.5615987834941296,-0.3897513822302632
-0.5624825002512395,-0.770203456578304
0.6557224763238514,-0.3874456875534913
0.5779867155307916,-0.32363312657452536
0.5394578768279075,-0.37556379004189555
-0.4613014039471157,0.7869156014584984
-0.4079811432379965,-0.5183559107446358
-0.4017531034635562,-0.5305336784190711
0.5232345625495367,-0.5828584408593529
0.5551465183629865,-0.6480151589277066
0.7340933090393964,-0.6216050947568619
0.3709804356299231,0.44640611806017594
0.3600758442573224,-0.4119642570706099
-0.37214023904515003,0.34321327698945403
0.7055495767289406,0.49223924022335774
-0.5097540223344736,-0.627892664548463
-0.3982548860916366,0.3943217303497242
-0.4646578021093355,0.562445483355583
0.5503424325314037,0.5565229252568025
0.3779355329194869,-0.713479747860458
0.6003232871999331,0.657566778986759
-0.5522965939786662,-0.3552770130690668
-0.7350588584102811,0.48744309028719934
0.634270879418374,0.48701337870377115
0.7386657742503,-0.6001101418067558
0.3946933898661662,-0.6651071500245123
-0.41932338363093247,-0.6200656516663674
-0.45062481734055093,0.5559099733018906
-0.5164375362774138,0.6385696295682222
0.4514637111929056,-0.6414233614623503
0.5065063304397186,-0.49265974022335035
-0.35896815464098975,0.6939985148319505
-0.7037319363915315,-0.669713266539278
0.37722685803128186,-0.6190381241007967
0.4954128373728388,-0.7467066422663746
0.4145389768746093,-0.23525804573309794
-0.4142666466892193,0.7413475214652394
-0.4239002840113286,-0.23926746119078568
0.2678243788613579,0.4907771183998584
0.4587535290803293,-0.3332270110701341
-0.4399439487675969,0.7413480145078808
-0.31356234620146184,0.47640731263699565
0.34782237465996313,-0.5894888232303763
-0.46479038825857977,0.5033576884619348
0.567643852899788,-0.42001488501465944
-0.5590129865719766,0.6555934737653284
0.287625025254737,0.4892857583351491
0.5863846823160477,0.25554467561296224
-0.5940523278852394,0.29659571570214815
0.6589304176691135,-0.5946872711428683
-0.4420666247531584,0.3113090909119667
0.18149715360708307,0.6244339288094742
-0.5504223943466708,-0.4549573464811938
-0.45894267353437934,-0.5487173330436654
-0.3265733506592512,-0.547406753074674
0.3895363077469869,0.6081341614498545
-0.4523366899893968,0.42980292721884483
0.6927786384361343,-0.46154460083508897
0.33385211997609754,0.4650088622751696
-0.5400247880942837,-0.27674953426749815
0.5598019920139559,-0.315623781593686
0.23645255805462884,0.48529337291366637
0.4823048578219076,0.18394339850670893
0.4572786096184476,-0.4328133495639219
0.5249954819504128,0.41130416880450893
-0.4132961399036923,-0.35162024066828135
-0.690983729963083,-0.47463278025505495
0.5743478685181398,0.5501703011749894
-0.531059298157321,0.6337733265167567
-0.37456789210587327,0.3981680164460448
-0.5589314680465958,0.31221022295823153
0.5184371941349695,-0.6126506119767565
-0.6430038932801219,-0.31960371201082194
0.40267640264555915,-0.567567094712242
0.399532583329655,-0.7817592342503947
-0.2906929931794857,-0.40484827682094005
0.5566647418848389,0.40660422512571404
-0.4533554511005222,0.6855731111646393
0.6203132252286292,-0.805147285581596
0.3184416476741099,-0.4870095957061473
-0.6858157200674588,-0.46001414783662375
-0.5957799170325957,0.23471330261081147
0.514488266833043,0.545903039000232
0.3830452523361363,-0.4193155803567752
-0.587336929062551,-0.4655806045738682
0.6522452792379325,0.3277175504234895
0.31762194474696126,-0.6381536185507781
0.7621254208465769,0.4427081584450798
0.593219493181246,-0.43615687856351393
0.47831650987344143,-0.5190387484118804
-0.41481914400350783,-0.5046898630603169
0.42024035882016664,0.6762161417302195
-0.3232019922091458,-0.4060324204755974
0.5695424376083871,0.38864401661099723
-0.5878364317068969,0.6938185103675265
0.5689712033229835,-0.548110903463648
-0.5295170541020162,-0.14817465680045583
0.2963933711394704,-0.39394475514483673
-0.5819663631919445,0.6827011829871228
-0.6711337213724748,0.36755625113317936
-0.6912474045992534,0.3590428028341057
0.6098955926254588,-0.6968650161186214
-0.40488384975314884,-0.45954872898201704
-0.451924547971974,-0.6256910298759835
0.6353385634179385,0.6165679211062747
0.3710375043800669,0.5014079897848343
0.4731973480119591,0.502295305587281
0.3745261327267555,-0.5614141235191608
-0.4264289955194236,-0.603656130763607
0.41796586540343816,-0.4205690180767232
-0.6753590610826752,-0.20176477185663266
-0.4122879039144127,0.6078123123392667
0.3922275975781011,-0.22100087921834355
0.2870109496754927,0.38177670655921303
0.4000858385384538,-0.593298646715392
0.36080825570986264,-0.30443522386002164
0.31971092994640427,0.5890931743399055
0.392922010640941,0.45430834215960814
0.3284403783556782,-0.3248295057099586
0.4998463917080407,0.2556191870876412
0.6178088520410094,0.3539201883152514
0.6363136814993664,0.3284341182243826
0.5711181338048721,0.5063771991745405
0.4377641708389728,-0.47356894330238863
-0.3164477023630563,-0.5696663946986928
-0.4093880285997047,-0.4726478195230821
-0.5533422186691961,-0.5019825447376451
-0.6131824779618404,0.3804504559315818
0.6480961276193271,0.6042141507789165
-0.6969205164506975,0.45743687038170644
0.6427077580339471,-0.6573693257250464
0.5938714204290712,0.43813330378548043
0.48749729619353777,-0.5713273848553369
0.3148492410957944,0.6591982263308893
0.6130547029942393,0.2227116143757577
0.5812491679713943,-0.4113829597132237
0.38527508002199506,0.6289443235724481
0.5308818083196409,-0.2540952829477685
0.7663484841335677,0.43364395687882795
-0.5109087175313565,-0.6208185489337048
-0.34567069170050213,-0.5364446512536547
-0.6322154000938087,-0.35539652312121794
0.43976784997173723,0.38825781671577997
0.702652479611342,0.6217289872494527
-0.3556325726510443,0.5117341388910688
-0.5403151104889248,0.7824301340126327
0.6702275566215812,-0.6289612504002586
-0.5742435179527439,0.29656490636310817
-0.317573397074284,0.5270502935165731
0.507348538511218,-0.7263938438088144
-0.20253812456059417,-0.6565558887988632
0.41840601811421774,-0.7041977939299162
0.6398017450224252,0.5469545654400572
-0.5433088050760004,-0.5141692102274695
0.6093320968199878,0.6463117217342531
0.6936111598006651,0.5019093319839252
0.5417682565813933,0.3859579635682058
-0.6585977199755835,-0.556701281317064
-0.33486173442577205,-0.6419792465218541
-0.5906205382578475,-0.713431865709266
0.41895317745017446,0.7161992799084125
-0.4449573863124294,0.49952678768999914
0.5166394447084754,0.6226869086133262
0.5279029480542723,-0.5756314977689403
-0.34004510523296205,-0.5292274858336405
-0.5269991042212128,0.4746146288952038
0.30056271957901703,0.6208796666377874
-0.598367054221006,-0.5788484794279081
-0.7247198424658183,-0.5562186120294008
-0.47844420248591346,-0.7150079396423945
-0.6687358801102721,0.6484672187561693
0.3823062015968077,-0.3595749638320098
-0.59019129778879,0.25855124257091155
0.5136945647455093,-0.783110089672773
-0.3916617483704459,0.33478591577427075
-0.6254637182354996,-0.6141403168858541
-0.5116433364437447,0.5188502012338203
0.4977852877726756,0.3283272576806897
-0.3078923168595642,-0.7029597864355559
-0.5508357081913189,-0.3032936012519114
0.46626917894380693,-0.6673513981567276
0.36545267187233765,-0.37236997123711424
0.5035485257728332,0.4409973431057559
-0.32530394479036095,0.5247595853917792
-0.5481334068648589,-0.40856233182159407
-0.5069183758800264,-0.43631344451635545
-0.23546477681494427,-0.6220020836259719
0.5710805047467586,-0.31726649054041745
0.5927184028487371,0.5773190840969653
-0.7619715006285728,-0.6153032167619013
-0.3740443499297086,0.4634861794991989
0.4772341991637905,0.4229085537824724
0.3355426795966745,-0.2669483658628995
-0.29812278081662935,0.335958635336574
0.5202214334366901,-0.22788762799698925
-0.5884634657440686,-0.334010796126466
0.21787988854910134,-0.4493094833496887
-0.3547591368511158,0.46223434446308276
-0.6533666703594845,0.6235993069306922
0.4657489286130001,-0.25352647926664873
0.5186148792475953,-0.3571864161959679
-0.45937883727082207,0.7611976928673267
0.6062487555667291,-0.6954761170217565
-0.4942792418808686,0.49685588164022865
0.3570072600822356,0.3430709270032817
0.42716401709410423,0.5258971551060851
-0.39252002722288726,0.4411864118505795
0.5663686764524676,-0.4710856287303269
-0.6722188119497909,-0.4200326151248146
-0.31252275183624545,-0.554409173466325
-0.4440834594416867,-0.6671975608546024
-0.45357561281456626,0.5396384807934174
0.5437142192095166,0.38091341162928827
-0.46980496101968505,-0.3427035914128831
0.29574459359048455,0.44579170682505254
-0.4901894678356715,0.5158574870797654
0.5762385528028906,-0.601837651873403
0.7928112717883908,-0.6249623152543267
-0.21635438437532084,-0.6244213408087538
0.7148503127818926,-0.5028662340431465
-0.36919111963921925,-0.6276180608011723
0.4443711959793726,-0.7451888739015335
-0.46273578065526433,0.7073584435385771
-0.41505936441546565,0.6777787205904018
0.6624177098684669,-0.46178123136872196
-0.47940664099285346,0.44259243383447977
0.5007579109454172,-0.5960291848612898
0.3065926278962041,-0.43379210009426505
0.42594764538012564,-0.4676198170253034
-0.39520006510387673,-0.5666169324133259
0.6289161730031101,-0.5681563321417291
-0.2898739791902296,0.4805090885639467
0.268395801021146,-0.6570667420672549
-0.32210279849358114,-0.26160066410823957
-0.2261729769906462,0.5826539506873802
-0.7290588160122411,-0.4071634680384675
0.4242085726929514,0.38922209412433517
0.6226587795459588,-0.7224112159340823
-0.6117623430307055,-0.7330420780349538
-0.6093243490397469,-0.3328262943559839
0.5178304199235892,-0.665915348851168
-0.7174464133237772,-0.5381033864595663
0.670831750311008,0.4712173954475951
-0.520357358923552,0.5760380612448062
0.6012787627664562,-0.4071651447345497
-0.39996512430674636,0.4232682958590308
-0.5816070828340691,-0.5007558897104147
0.6809795697444299,0.5301781748713947
-0.4254535288469945,0.5657072823376184
-0.3941428724561695,-0.48291656043948983
0.5018038304339727,-0.5167082735647892
0.409960233609743,0.6179936823597627
0.4781899818545414,-0.2717614118466818
-0.45662613851874245,-0.38053492417897306
-0.300673763957356,-0.4559375132729204
0.3581022654095598,0.5618803721241059
-0.572855295661602,-0.2917380844837987
-0.38844402008006784,-0.3510544072323969
0.33257045705145494,0.6146109721338124
-0.4359192352136081,0.26452126007078336
-0.567980999888497,-0.6128471784674878
-0.40663914745174057,-0.7445624844310788
0.4836766998205895,0.5872795497913186
-0.6378841058847904,0.3237111226652347
-0.38950759263471824,-0.7156132384468776
0.6843542231893522,0.5577520661482056
-0.36743083290253975,-0.5420096049656649
0.6456641104987537,-0.5995194483938857
0.3522814745371443,0.5778730398435188
-0.3467187118552406,-0.2788411808827591
-0.4201052044696101,-0.3580212123631512
-0.39614487362907314,-0.5371133637985501
-0.3605823787810649,-0.6753805620579749
0.36757308743555406,-0.5725642070237098
-0.5735007728841717,0.5284199430288643
-0.5737315571363955,-0.4135544035488594
0.6582577153716063,0.5029783877338687
-0.46513067823442045,-0.4149538897973848
-0.5161993774271143,0.3698654009330724
0.46002251291106844,0.28588703183587194
-0.5285739631069017,0.6395838216443799
0.4837014096889507,0.4559703705965843
0.48478385226430776,0.3231341718959093
0.5988690524472928,-0.5254929749324364
0.18280144026625056,0.3761523003174003
-0.3991021383651505,0.6965244626677747
-0.4720426840188341,-0.250280714697372
0.43126280640650916,-0.40079096881501663
0.5230304912117001,0.5849320967027003
-0.595799286134929,0.3969299966455444
0.7101682167124699,0.37716491498606053
-0.4489299841062089,-0.2885460869280394
-0.28390784066908425,-0.4921061774239528
0.7468348741458593,0.37093205651438454
0.7610411303492333,0.4971994369436801
0.5088903987596864,-0.688460002967886
0.46841443285285234,0.6196100152964543
-0.6762392597277034,0.6628284812771559
0.7822108139233135,0.6606996292849387
0.628079508936483,0.6162546137562932
0.3915630290192136,0.340581221783939
0.25160224404322196,-0.523477750881336
0.2529133723154884,0.46608665861076193
-0.5501647780463923,0.6977775687600067
0.6030084503172215,-0.6866771246214052
-0.5355085066234613,0.40274541481943316
0.5761805865342238,-0.24728404249994207
-0.7149491227879716,-0.6277085976369976
0.6477412025320504,-0.4849825636172891
-0.6832851756880998,-0.47430787651332973
-0.6798024870595236,-0.421740618351925
-0.4259936932568644,-0.5514386262347628
0.5458800724484012,-0.6982259709245113
0.5210898108197097,0.41823564254810575
0.47191452158596303,0.6816471600799963
-0.6324693944945043,-0.46711320369334053
0.43867880593898834,0.13543248511568828
0.3753723306898704,0.7074241977788056
0.5194874200868129,0.5037231690238988
-0.6513773590657175,0.5467829590228837
-0.5421877264094837,0.4697981014784729
0.7076324354009722,0.5766393481506225
0.33157913663291483,-0.39858234107559976
0.1939145591719038,-0.4075545944580814
0.663080925154248,-0.2640413812882716
-0.35130658594163067,0.3508576954475726
-0.5760518400523342,-0.3582388971765289
-0.2881995176640957,0.2995593504391718
-0.5768285313086161,0.5491376507299732
0.7024335714919772,0.659405376841838
0.6195425303254962,-0.33756468260897754
-0.39142786765436477,0.628203048618823
-0.42836663886382187,0.19931853246968467
-0.6166677498819746,0.3740052071621134
-0.6797746697304339,0.3844199728484754
0.31634374035483215,-0.3589936496040327
0.4138552789889274,0.5995094884194565
0.5156973802526159,0.46001493055874065
-0.5987653150877457,0.6235176956718937
0.6782277752257575,0.5898365524149198
-0.4446226394413617,0.5243102559056849
-0.4458042728364915,0.33813964753771786
0.4602014061948161,-0.5511933985025088
-0.35518909387271735,-0.5855612457017931
-0.45694678931568533,0.4393119988095131
0.5012220303671096,-0.5519493316494404
0.7172098744795836,0.45657473189542985
0.847508398561158,-0.30506412768782076
-0.44471618332131024,-0.3534385220827885
-0.5300534609054399,-0.5511257787359796
0.7614380477643048,0.4418153012124555
0.40487525200786534,-0.6956116745905216
0.7408635283498952,0.5881528845374331
0.4030273052597808,-0.34095404648638916
0.5567678815312596,0.3208646406138793
-0.4595895158032146,-0.6867528173013875
-0.5710597002136824,-0.4233244274688035
-0.5982514535188983,-0.5235840299256342
0.5129485045516811,-0.31822213192613935
-0.4923279498310349,-0.4584077742092991
-0.582063183059925,0.2669612866066642
-0.5141961029465938,-0.47367644519732655
-0.39337135793244693,0.5348360769050988
0.6531138773693952,-0.33142762967421224
-0.47506700426103277,0.372648640509752
0.4961478041768388,-0.4158180092583317
0.7116014793688246,0.4138708275744407
-0.7666407222174527,-0.666559234084896
-0.6267196207199444,-0.5185487996866918
0.4201897538699704,0.2623307400211199
0.5649705887797123,-0.4604824682008626
-0.6189912560647413,0.6542004099892673
0.5261696084581113,-0.8142928702607026
0.36646296785414534,-0.35030986483708704
-0.3916015051661381,-0.6455327686369703
0.5771201417032279,-0.46186999416612173
-0.6018866446894673,0.28440566273393286
-0.43341303422510324,-0.702064413444929
-0.3238287830996569,0.5930678379599688
-0.4251728570675113,0.6301868602508418
0.439589286368705,0.47693296392299245
0.43398359972254097,0.5838502158757897
0.57966661397139,-0.721125039138065
0.627476424199563,0.633748190393771
0.6653566095885355,0.595255969098865
-0.5523936932889488,-0.30219975195234894
-0.48364298889406987,0.35942708136597235
0.3781554302438699,-0.5096974289669021
0.49886770225335386,-0.5843136790309473
-0.22664397658435287,-0.5441593601046835
-0.38250264690283653,-0.39552123566555
0.28140805845880257,0.3145810718204445
0.32061898040915504,-0.42000901301705285
-0.6660525550370366,0.6881522879830775
-0.3749384332882797,-0.6155673352088202
0.6999667949079877,-0.6618887497065333
0.5056764448102988,0.32783307258467187
0.4633640051516439,-0.4335239222213838
0.40255343707497526,0.3651463535402524
-0.49995670243648394,0.31543484885535067
0.39630699851607387,-0.417565581374866
-0.30537428707161873,-0.38202463891624805
-0.29877890277850794,0.44175262422973605
0.3475927642700858,0.42054132218845885
-0.626809432534774,0.5285179832081013
-0.4045825158120835,0.38213676777425487
0.684361817506183,-0.40304542981189373
0.7037329779833637,0.4568483015128044
-0.6539432361694282,-0.5897239933017702
0.5763159272428449,-0.4624261489197621
0.31534398585459744,-0.5980765158754118
-0.3716665700439261,-0.3721803597032052
-0.5802068342368651,-0.41293102793721137
-0.30922480956378484,-0.37201162277257427
-0.76388056690854,0.5273390295902622
0.773593278565917,0.3647882175396715
0.32602627229182923,0.5330268579188755
0.44912576010271144,-0.5462160996506407
-0.31906965012487243,0.4525213098517078
-0.31236127505520184,-0.32626981152014367
0.5587909284062968,-0.44236626401096246
-0.3424373781962604,-0.4250267890058741
0.5577010294232565,-0.3147227889111912
-0.7139021133455945,0.5052331727388089
-0.49460761719610713,0.30970785321205874
0.5345638044600571,-0.7709073805459448
-0.6074373060940141,-0.4301927505524943
0.26895308790473726,-0.5838327538481958
-0.4781823192782664,0.4258977117133329
0.520709642464831,0.5792433643376091
-0.4785861972230743,-0.48918649730439623
-0.5834974299588693,-0.3582319903046465
0.3137738416065061,-0.4389017241565105
-0.4191301252248172,0.6467042822023659
0.33000923389261305,0.45969754633948967
-0.24477263191646936,0.6080254573737038
0.5575890831235766,-0.5619964798314097
0.264149853731249,0.6900242774941812
0.7570882137172723,0.6398661844473854
0.3650430815127743,-0.38928879995581367
-0.5136796285694123,-0.5463436427649724
-0.598968103323974,-0.632171270263421
0.5921841619585437,-0.4971634594655501
0.3394957784532213,-0.4038498033107001
0.705462030917104,0.39106746020065186
0.4385166084946157,-0.5208155182327021
0.6586721714968129,0.6228653601840439
-0.4148434726412338,0.47779017846179483
0.47532038731314596,-0.6255454932457027
-0.5023841604963539,-0.5127612205664689
0.5516988086673473,0.6746694232355623
0.31524084229361815,0.45404124415020264
-0.5224114364828016,0.6160305693428214
-0.5117228964650951,0.743697223930629
0.6434026733389298,-0.4082723164445585
-0.6149970400111078,-0.547102942680987
0.4460234685044988,0.5030465653601122
0.754028509613591,-0.5839198507969114
0.6016503715690644,-0.4913545803836519
-0.6166766511320096,-0.55639999368652
-0.23193469714208903,-0.5973735041765968
-0.49485300322171977,-0.3463471561430329
0.2713969826327305,0.5619209928319129
-0.5174673390000999,-0.6271215915724804
-0.6002763482486564,-0.27157301221380736
-0.5716563459630417,0.6963108550073434
-0.5801762934117465,-0.6261628518286118
0.6142289130514322,-0.483207145916001
0.566289034531158,-0.3049201459481954
-0.4132080268186089,-0.40720966018762383
0.6142450762478757,-0.6933281055062932
0.654312930954106,-0.3210062000541314
-0.4131568966768948,0.6284507410840847
0.5056018811162426,0.4963939214837503
-0.44295814871780737,-0.2912135149103561
0.6377018452520418,-0.7238927085451543
0.6430576721386383,0.5277757719986527
0.40363121289331394,-0.3903898565386277
-0.6889377159012122,0.7146499251013962
-0.4676792775225258,-0.5035848351411094
0.5003614165312027,0.7502383684935061
0.5918635087652637,-0.7771241638192854
0.6309954138923874,-0.31123593700633023
0.6537225673796827,-0.6452563082601324
-0.7392993720087644,0.4508079460709864
-0.6620379786475652,-0.4857675416923293
-0.5825065447736621,0.5704095513490062
0.5092863194466994,-0.644542974189467
-0.5944806483442695,-0.7391752475654805
-0.6845807685199468,0.4144920551590672
-0.6340538352935028,-0.31299971594813325
0.6039916999995962,-0.7222383780325901
-0.5962909028853147,-0.5298356259762806
-0.5048788988652724,0.631906632897179
0.3776509547501017,0.5488545159396334
0.4534493626259093,-0.600070461257008
0.6357005050418003,0.619954935422689
-0.5939750956989494,-0.4982749478534081
-0.38921679421226396,0.38121905188499605
0.5379239789899726,0.7712306113363363
