-3.141592653589793,0.355217343601011
-3.1353031788078316,-0.216829839817628
-3.12901370402587,-0.13295764948574365
-3.1227242292439086,0.009505889540157957
-3.116434754461947,0.09657860177314462
-3.1101452796799856,-0.022510690027771497
-3.103855804898024,-0.5241320684953029
-3.097566330116062,0.11565186286835669
-3.0912768553341006,-0.3549069247802552
-3.084987380552139,-0.352154571024878
-3.0786979057701775,-0.13726345375219434
-3.072408430988216,-0.059862083685472245
-3.0661189562062545,0.11440057050347315
-3.059829481424293,-0.5753964699617735
-3.0535400066423315,-0.07580347368196896
-3.04725053186037,-0.16785877847644262
-3.0409610570784085,-0.12292605980015452
-3.034671582296447,-0.17905675813643396
-3.0283821075144854,-0.07262282113763331
-3.022092632732524,0.015062384592705994
-3.015803157950562,-0.15114897507634664
-3.0095136831686005,-0.03193911045831384
-3.003224208386639,-0.14553866511646485
-2.9969347336046774,0.07285584322124664
-2.990645258822716,-0.12113091909725296
-2.9843557840407544,0.09155122778889516
-2.978066309258793,-0.12814088569121834
-2.9717768344768314,-0.04276445329371148
-2.96548735969487,-0.2092782229156325
-2.9591978849129084,-0.527257950576504
-2.952908410130947,0.09136118774331428
-2.9466189353489853,0.0011685708075271362
-2.940329460567024,0.0017675731692642083
-2.934039985785062,-0.2638913442424613
-2.9277505110031004,-0.20891293200388755
-2.921461036221139,-0.3740333858638359
-2.9151715614391773,-0.3795939504479151
-2.908882086657216,-0.18024196009622795
-2.9025926118752543,-0.42421765368810926
-2.896303137093293,-0.18489333495089974
-2.8900136623113313,-0.6911704050372873
-2.8837241875293698,-0.04967203686923913
-2.8774347127474083,-0.5657045248478759
-2.8711452379654467,-0.5822058091180466
-2.864855763183485,-0.05283342390640594
-2.8585662884015237,-0.35540180992372755
-2.8522768136195618,-0.5473057435043734
-2.8459873388376002,-0.268844510245039
-2.8396978640556387,-0.5642501299654747
-2.833408389273677,-0.3589834325778324
-2.8271189144917157,0.041851683648065685
-2.820829439709754,-0.350735602660787
-2.8145399649277927,-0.4428975597369099
-2.808250490145831,-0.43772719592716575
-2.8019610153638697,-0.19624106516028036
-2.795671540581908,-0.5096047836951998
-2.7893820657999466,-0.40880821705990517
-2.7830925910179847,-0.579371201888017
-2.7768031162360236,-0.3610811978845428
-2.7705136414540616,-0.33951887610013737
-2.7642241666721,-0.17928812892978535
-2.7579346918901386,-0.5838783804751553
-2.751645217108177,-0.2591914077712778
-2.7453557423262156,0.004296238993354018
-2.739066267544254,-0.25962871576203683
-2.7327767927622926,-0.3297004521058521
-2.726487317980331,-0.17998094493294284
-2.7201978431983695,-0.5394441838751172
-2.713908368416408,0.009273726487794343
-2.7076188936344465,-0.38109636239569444
-2.7013294188524846,-0.5832173207432648
-2.6950399440705235,-0.8603792548474378
-2.6887504692885615,-0.437329255969243
-2.6824609945066,-0.49957005632885054
-2.6761715197246385,-0.5180449765876842
-2.669882044942677,-0.7803871187679916
-2.6635925701607155,-0.6518306400116853
-2.657303095378754,-0.42089197613656565
-2.6510136205967925,0.04350968486055795
-2.644724145814831,-0.6851067224129721
-2.6384346710328694,-0.5155813487990418
-2.632145196250908,-0.508661822155384
-2.6258557214689464,-0.12708212910424566
-2.6195662466869845,-0.7888166761350335
-2.6132767719050234,-0.4176467718840141
-2.6069872971230614,-0.0964330337817838
-2.6006978223411,0.025200560115558046
-2.5944083475591384,-0.9313012981239281
-2.588118872777177,-0.5310510340053409
-2.5818293979952154,-0.6861585368221557
-2.575539923213254,-0.17991203585277415
-2.5692504484312924,-0.473069960010746
-2.562960973649331,-0.8264828973944314
-2.5566714988673693,-0.8648832598290854
-2.550382024085408,-0.6211217057838196
-2.5440925493034463,-0.4386455145513524
-2.5378030745214843,-0.6342363849664087
-2.5315135997395233,-0.497850925831749
-2.5252241249575613,-0.6802124002776943
-2.5189346501756,-0.764826268081795
-2.5126451753936383,-0.4173730441056801
-2.506355700611677,-0.48918362178091274
-2.5000662258297153,-0.5609442800554314
-2.4937767510477538,-0.5734121407733016
-2.4874872762657922,-0.7306634922958085
-2.4811978014838307,-0.8425162023988617
-2.474908326701869,-0.6647536054726402
-2.4686188519199077,-0.6093443936585374
-2.462329377137946,-0.507205871978892
-2.4560399023559842,-0.7225578256308067
-2.449750427574023,-0.6457980016594249
-2.443460952792061,-0.6876797480067798
-2.4371714780100997,-0.7832399729184408
-2.430882003228138,-0.4734714190634369
-2.4245925284461767,-0.6096406393576335
-2.418303053664215,-0.7016858940268327
-2.4120135788822537,-0.9080206047860695
-2.405724104100292,-0.6197203717795001
-2.3994346293183306,-0.8198135749288356
-2.393145154536369,-0.7880975170542974
-2.386855679754407,-0.623695492228866
-2.380566204972446,-0.6588092398699378
-2.374276730190484,-0.8260988169613175
-2.367987255408523,-1.127651470129087
-2.361697780626561,-0.8415634052692224
-2.3554083058445996,-0.7885724211068893
-2.349118831062638,-0.8880970697191786
-2.3428293562806766,-0.453798756175804
-2.336539881498715,-0.998459681046181
-2.3302504067167535,-1.0568513755910254
-2.323960931934792,-0.8099543262753878
-2.3176714571528305,-0.46350724515931346
-2.311381982370869,-0.5759379277734431
-2.305092507588907,-0.6798789853104013
-2.298803032806946,-0.5498091637765816
-2.292513558024984,-0.7878298286522009
-2.286224083243023,-0.8816636945597399
-2.279934608461061,-0.6252460308494777
-2.2736451336790995,-0.7043728702620675
-2.267355658897138,-0.521853482352718
-2.2610661841151765,-0.8874338638057373
-2.254776709333215,-0.7899986103937322
-2.2484872345512534,-0.7914824807035632
-2.242197759769292,-0.9255547912863049
-2.2359082849873304,-0.9390897314420997
-2.229618810205369,-1.0544945665778893
-2.223329335423407,-1.304394683435734
-2.217039860641446,-1.0309562660371754
-2.210750385859484,-0.7971363611470215
-2.2044609110775224,-0.7758371007032379
-2.198171436295561,-0.7604550636352267
-2.1918819615135994,-0.8192130363110618
-2.185592486731638,-0.4587774656726902
-2.1793030119496763,-0.7741314178053177
-2.173013537167715,-1.305546883382839
-2.1667240623857533,-0.7255762971527074
-2.160434587603792,-0.8179121780619556
-2.1541451128218303,-0.5883110919986559
-2.147855638039869,-0.7099371141896019
-2.141566163257907,-0.38651524549458294
-2.1352766884759458,-0.7633702725219802
-2.128987213693984,-0.7984727282814111
-2.1226977389120227,-0.5191419814473908
-2.116408264130061,-0.6562131465750991
-2.1101187893480993,-0.8382958402304876
-2.1038293145661378,-1.0836303159657983
-2.0975398397841762,-0.5198880671984695
-2.0912503650022147,-1.1104304475316316
-2.084960890220253,-0.7039241865349442
-2.0786714154382917,-0.804580204971061
-2.0723819406563297,-1.1133661804718282
-2.0660924658743687,-0.9512223888724549
-2.0598029910924067,-0.7972902519520637
-2.0535135163104457,-1.0278092140918296
-2.0472240415284837,-0.9203036778309263
-2.0409345667465226,-1.1969694795462558
-2.0346450919645607,-1.1149483590459837
-2.028355617182599,-0.8626107503027639
-2.0220661424006376,-0.9925091623500936
-2.015776667618676,-1.2467692292803148
-2.0094871928367146,-0.6965167606140654
-2.003197718054753,-0.811662183706885
-1.9969082432727916,-1.198476694860145
-1.9906187684908299,-0.8396994535634903
-1.9843292937088683,-0.9791408602369551
-1.9780398189269068,-0.5605872726061929
-1.9717503441449453,-0.9024765024489448
-1.9654608693629838,-0.6976723128641782
-1.9591713945810223,-1.1881870241831614
-1.9528819197990606,-0.8609519175617021
-1.946592445017099,-1.0391585800751892
-1.9403029702351375,-0.823164592909571
-1.934013495453176,-0.7991430902690688
-1.9277240206712145,-1.1298895678396206
-1.921434545889253,-1.0157687141508236
-1.9151450711072915,-0.8854868024151463
-1.9088555963253298,-1.1294136844815432
-1.9025661215433682,-1.0985787821145296
-1.8962766467614067,-1.062916850367312
-1.8899871719794452,-0.9250753857657872
-1.8836976971974837,-0.5167916313894834
-1.8774082224155222,-0.9362644585721772
-1.8711187476335605,-0.682852436317481
-1.864829272851599,-1.0970377300670873
-1.8585397980696374,-0.9414993077763162
-1.852250323287676,-1.123404164800225
-1.8459608485057144,-0.7708519336713755
-1.839671373723753,-1.2756566853807816
-1.8333818989417914,-0.8513054498206598
-1.8270924241598296,-0.8341769535068515
-1.8208029493778681,-1.161316422783067
-1.8145134745959066,-0.8967794978780939
-1.808223999813945,-0.8774549937183272
-1.8019345250319836,-0.6513056254444956
-1.795645050250022,-1.0150053386070759
-1.7893555754680603,-0.947773082202355
-1.7830661006860988,-1.075943621077966
-1.7767766259041373,-1.1516175322055155
-1.7704871511221758,-0.6926651829046239
-1.7641976763402143,-0.557505119948639
-1.7579082015582528,-0.9648463480733283
-1.751618726776291,-1.0078530180156273
-1.7453292519943295,-0.7049728570340128
-1.739039777212368,-0.9188654887839875
-1.7327503024304065,-1.1310039083582393
-1.726460827648445,-1.0075424405725146
-1.7201713528664835,-1.019301162082697
-1.713881878084522,-1.368879551412682
-1.7075924033025602,-0.9432516316418572
-1.7013029285205987,-1.0525519390619478
-1.6950134537386372,-0.5942651273316868
-1.6887239789566757,-1.0051450294377255
-1.6824345041747142,-1.0587400112269274
-1.6761450293927527,-1.0905530551814309
-1.669855554610791,-0.6400004971726745
-1.6635660798288294,-0.9210278139025754
-1.657276605046868,-1.0253015814665174
-1.6509871302649064,-1.2361629383564188
-1.6446976554829449,-1.588213869575415
-1.6384081807009834,-1.0709050433069658
-1.6321187059190216,-1.0615071821004085
-1.6258292311370601,-0.9691178019542025
-1.6195397563550986,-0.8575800500758626
-1.613250281573137,-1.0943960697626254
-1.6069608067911756,-1.265432936634933
-1.600671332009214,-0.9912952808255727
-1.5943818572272526,-0.7031858319480744
-1.5880923824452908,-1.0995199131944657
-1.5818029076633293,-1.0292624651943323
-1.5755134328813678,-0.6323026204983405
-1.5692239580994063,-0.9023149872656973
-1.5629344833174448,-1.1820174986912466
-1.5566450085354833,-1.0590564614088462
-1.5503555337535215,-1.1069249913162076
-1.54406605897156,-1.282538811097442
-1.5377765841895985,-1.0890996579853742
-1.531487109407637,-0.8703769781983518
-1.5251976346256755,-1.147697331320575
-1.518908159843714,-1.1331761891263668
-1.5126186850617525,-0.9373732001990939
-1.5063292102797907,-1.0444953403763952
-1.5000397354978292,-0.9826489695413008
-1.4937502607158677,-1.2434787812291517
-1.4874607859339062,-0.7838774835836761
-1.4811713111519447,-1.132213740036557
-1.4748818363699832,-0.9596593278599711
-1.4685923615880214,-1.0184507189152687
-1.46230288680606,-0.9581253739066227
-1.4560134120240984,-1.1878299192943953
-1.4497239372421369,-1.0957247987902257
-1.4434344624601754,-0.6878754560583542
-1.4371449876782139,-1.0596139533172069
-1.4308555128962523,-1.0721362286155935
-1.4245660381142906,-0.9460364530910519
-1.418276563332329,-1.252858720922518
-1.4119870885503676,-0.9522869017468962
-1.405697613768406,-0.9959654235177888
-1.3994081389864446,-0.745916777457708
-1.393118664204483,-1.038957778915281
-1.3868291894225213,-1.204013417503296
-1.3805397146405598,-0.9430896643513131
-1.3742502398585983,-1.0429307827627359
-1.3679607650766368,-1.0748691688236416
-1.3616712902946753,-0.8203674216920658
-1.3553818155127138,-0.9388222839327156
-1.349092340730752,-0.8357982173329964
-1.3428028659487905,-1.053967565309095
-1.336513391166829,-0.8807326200571484
-1.3302239163848675,-1.1790202263904028
-1.323934441602906,-0.993231595432237
-1.3176449668209445,-0.8050876198655169
-1.311355492038983,-1.3017510579895364
-1.3050660172570212,-0.9540231802194328
-1.2987765424750597,-1.2817020916233521
-1.2924870676930982,-0.8050278293244802
-1.2861975929111367,-1.0278039712812244
-1.2799081181291752,-0.8720002149425767
-1.2736186433472136,-1.5728192514596786
-1.267329168565252,-0.9132180806043524
-1.2610396937832904,-0.6843709263142217
-1.2547502190013289,-1.1108324327349437
-1.2484607442193674,-0.9285722981279605
-1.2421712694374059,-1.2927027115428507
-1.2358817946554443,-0.809226440318846
-1.2295923198734826,-0.8448977223696141
-1.223302845091521,-1.0766885200898928
-1.2170133703095596,-1.3586660154483718
-1.210723895527598,-0.9309787977679156
-1.2044344207456366,-0.8436684659226997
-1.198144945963675,-0.6818547929604601
-1.1918554711817135,-0.9391445559150247
-1.1855659963997518,-0.8703816748989994
-1.1792765216177903,-0.5930110121198904
-1.1729870468358288,-0.8525031322591644
-1.1666975720538673,-0.768422744854548
-1.1604080972719057,-0.7757196494740479
-1.1541186224899442,-0.754542755720881
-1.1478291477079825,-1.2317797241894832
-1.141539672926021,-1.0135215337747314
-1.1352501981440595,-1.2864029810457267
-1.128960723362098,-0.7104001261925901
-1.1226712485801364,-0.5315488105282818
-1.116381773798175,-1.0571511083127194
-1.1100922990162134,-0.9090748895852012
-1.103802824234252,-1.000623357045391
-1.0975133494522904,-0.6545917450832038
-1.0912238746703289,-0.7464415098172302
-1.084934399888367,-1.1111855707843938
-1.0786449251064054,-0.8088457207326823
-1.072355450324444,-0.8777925597729135
-1.0660659755424824,-0.8646231230351678
-1.0597765007605209,-0.9213788451870848
-1.0534870259785594,-0.9207407035308657
-1.0471975511965979,-1.0221616121274524
-1.0409080764146363,-0.9923196908396924
-1.0346186016326748,-0.8271036737354532
-1.0283291268507133,-0.7405492950371523
-1.0220396520687518,-1.0078544838683214
-1.0157501772867903,-0.9946341719411862
-1.0094607025048288,-0.693026894265476
-1.0031712277228668,-0.6945210240049927
-0.9968817529409053,-0.41999855450227946
-0.9905922781589438,-0.7184376618653111
-0.9843028033769823,-0.6881994026749487
-0.9780133285950208,-0.3192802414370194
-0.9717238538130593,-0.9037048235163948
-0.9654343790310977,-0.6434717604453932
-0.9591449042491362,-0.9446074493797999
-0.9528554294671747,-0.7226950376918683
-0.9465659546852132,-0.9723600386262808
-0.9402764799032517,-0.9215058670190998
-0.9339870051212902,-0.8407020595736681
-0.9276975303393282,-0.764227065663367
-0.9214080555573667,-0.8067314185322193
-0.9151185807754052,-0.8575417297604628
-0.9088291059934437,-0.5837911543754954
-0.9025396312114822,-0.8027055531189116
-0.8962501564295207,-1.0911510294750812
-0.8899606816475591,-0.7799007314241845
-0.8836712068655976,-0.7781874892477293
-0.8773817320836361,-0.844064658430681
-0.8710922573016746,-1.0658053748660303
-0.8648027825197131,-0.6952239022972777
-0.8585133077377516,-0.6306601237529987
-0.8522238329557901,-0.6437001173690854
-0.8459343581738281,-0.7543427640466415
-0.8396448833918666,-0.7926272220526509
-0.8333554086099051,-0.7122047176872807
-0.8270659338279436,-0.8373206985402796
-0.8207764590459821,-0.7834443292173922
-0.8144869842640206,-0.7563364097691467
-0.808197509482059,-0.8025027612977094
-0.8019080347000975,-0.3019698768942193
-0.795618559918136,-0.5771521166193715
-0.7893290851361745,-0.5807182378142293
-0.783039610354213,-0.7151400476338672
-0.7767501355722515,-0.7121349658479244
-0.77046066079029,-0.6820817808991829
-0.764171186008328,-1.0443670651824035
-0.7578817112263665,-0.5988195677100068
-0.751592236444405,-0.8116967285643971
-0.7453027616624435,-0.4418239829330931
-0.739013286880482,-0.7011502409851683
-0.7327238120985204,-0.5681407346234795
-0.7264343373165589,-0.9419492170051136
-0.7201448625345974,-0.8486347838404549
-0.7138553877526359,-0.6960239827007596
-0.7075659129706744,-0.4638494756459183
-0.7012764381887129,-0.9596582150865345
-0.6949869634067514,-0.5710138106963072
-0.6886974886247899,-0.6933290545102837
-0.6824080138428279,-0.4760214459976172
-0.6761185390608664,-0.7447431822441385
-0.6698290642789049,-0.6016700550315673
-0.6635395894969434,-0.5540630745773166
-0.6572501147149818,-0.7429901799032754
-0.6509606399330203,-0.7359974766512912
-0.6446711651510588,-0.7607699552148601
-0.6383816903690973,-0.6189286151534465
-0.6320922155871358,-0.5891437375470001
-0.6258027408051743,-0.6335276042496797
-0.6195132660232128,-0.5909438954881536
-0.6132237912412513,-0.47035943916745815
-0.6069343164592897,-0.5835613571310608
-0.6006448416773278,-0.5986800608179583
-0.5943553668953663,-0.9456596839431515
-0.5880658921134048,-0.6871666671824913
-0.5817764173314433,-0.8409150316182996
-0.5754869425494817,-0.5010674803970038
-0.5691974677675202,-0.6927148461094133
-0.5629079929855587,-0.6894716333107764
-0.5566185182035972,-0.6984386048863631
-0.5503290434216357,-0.7850477222366177
-0.5440395686396742,-0.4863610884058849
-0.5377500938577127,-0.6760443627295999
-0.5314606190757512,-0.6762225304714342
-0.5251711442937896,-0.3739052367589937
-0.5188816695118277,-0.5544241054933153
-0.5125921947298662,-0.6198399941836422
-0.5063027199479047,-0.4498497125596057
-0.5000132451659431,-0.3026185662470272
-0.49372377038398163,-0.16867842439098918
-0.4874342956020201,-0.29251053131295646
-0.4811448208200586,-0.8882498795703143
-0.4748553460380971,-0.2360737727823961
-0.4685658712561356,-0.5788590386381011
-0.46227639647417407,-0.3785298783686254
-0.45598692169221255,-0.4270068481584337
-0.44969744691025104,-0.49942945941240546
-0.4434079721282891,-0.3729917362014074
-0.4371184973463276,-0.33865778312498296
-0.43082902256436606,-0.5064975858167249
-0.42453954778240455,-0.1352609550693596
-0.41825007300044303,-0.20392301938200724
-0.4119605982184815,-0.287945989261737
-0.40567112343652,-0.12170864579109253
-0.3993816486545585,-0.8369784444979933
-0.393092173872597,-0.7256863791914874
-0.38680269909063547,-0.37774224459987554
-0.38051322430867396,-0.48695131067305486
-0.37422374952671245,-0.43690052838517557
-0.36793427474475093,-0.33087753758623584
-0.361644799962789,-0.5328123872553968
-0.35535532518082746,-0.7383558993904533
-0.34906585039886595,-0.4107231116036594
-0.34277637561690444,-0.5292203061278435
-0.3364869008349429,-0.2156779439565214
-0.3301974260529814,-0.7715688888509356
-0.3239079512710199,-0.42591231034873855
-0.3176184764890584,-0.3491808902940918
-0.3113290017070969,-0.2985483767928278
-0.30503952692513536,-0.013120379279038252
-0.29875005214317385,-0.14236352761829765
-0.29246057736121234,-0.4064259235390072
-0.2861711025792508,-0.3281182076191439
-0.27988162779728887,-0.4703394690752043
-0.27359215301532736,-0.6716597549108378
-0.26730267823336584,-0.5069394883315472
-0.26101320345140433,-0.1912216845486443
-0.2547237286694428,-0.11590216571684137
-0.2484342538874813,0.09406753987805
-0.2421447791055198,-0.35143179350948706
-0.23585530432355828,-0.5479907361515676
-0.22956582954159677,0.1612462022096868
-0.22327635475963525,-0.33624735534367506
-0.21698687997767374,-0.23666578124421445
-0.21069740519571223,-0.19395722563102824
-0.20440793041375072,-0.43519208766263884
-0.19811845563178876,-0.16925031192559736
-0.19182898084982725,-0.1740489220601865
-0.18553950606786573,0.13880498610711037
-0.17925003128590422,-0.049456178857452154
-0.1729605565039427,-0.2843334247530498
-0.1666710817219812,-0.24659413446117673
-0.16038160694001968,-0.0027341712441897315
-0.15409213215805817,-0.2750152894876118
-0.14780265737609666,-0.12271441059023538
-0.14151318259413515,-0.26344914355857474
-0.13522370781217363,-0.5214562361424238
-0.12893423303021212,-0.05256715262492895
-0.12264475824825016,-0.09069372617038055
-0.11635528346628865,-0.4391706092821584
-0.11006580868432714,-0.1614165102612165
-0.10377633390236563,0.08610736392076827
-0.09748685912040411,-0.2160338457057143
-0.0911973843384426,-0.2283095958964561
-0.08490790955648109,-0.01114784566299519
-0.07861843477451957,-0.4144492588364057
-0.07232895999255806,-0.21302774335280852
-0.06603948521059655,-0.37216852625418695
-0.059750010428635036,0.09481658976868809
-0.053460535646673524,-0.2458318909538677
-0.04717106086471201,0.09002791817680697
-0.040881586082750054,-0.18521536190401708
-0.03459211130078854,0.11296286910222553
-0.02830263651882703,0.04681717883319989
-0.022013161736865516,0.3594145602062156
-0.015723686954904004,0.18868738904011012
-0.009434212172942491,-0.18022444615716068
-0.0031447373909809784,-0.2985172748630599
0.0031447373909805343,0.11876380199636236
0.009434212172942047,-0.33640524990881343
0.01572368695490356,0.2305181754247376
0.022013161736865072,-0.22495319008672188
0.028302636518826585,-0.3937643091254437
0.0345921113007881,0.031948179137994095
0.040881586082750054,-0.16121532583695888
0.04717106086471157,-0.2372693830336804
0.05346053564667308,0.21559273727218858
0.05975001042863459,0.1217917089914895
0.0660394852105961,0.06780180731956058
0.07232895999255762,0.22139750762206417
0.07861843477451913,0.25512436141563366
0.08490790955648064,-0.15680000757049933
0.09119738433844216,0.25121493982742277
0.09748685912040367,0.15150832480354037
0.10377633390236518,0.09489945363579681
0.1100658086843267,-0.3548410541859439
0.1163552834662882,0.273935283583864
0.12264475824825016,0.0746806200541903
0.12893423303021168,0.1411682866704457
0.1352237078121732,0.16181731347224276
0.1415131825941347,0.5077290607994493
0.1478026573760962,0.30780493359253747
0.15409213215805773,-0.07279697841947036
0.16038160694001924,0.22738184751146107
0.16667108172198075,0.1192263765222046
0.17296055650394226,0.5092814697191739
0.17925003128590378,0.42046207107637834
0.1855395060678653,0.3869328134516675
0.1918289808498268,0.28273119485555737
0.19811845563178831,-0.052834900101252386
0.20440793041375027,0.6736818365894878
0.21069740519571178,0.2681577137194406
0.2169868799776733,0.11598532925516469
0.2232763547596348,0.45716133462081193
0.22956582954159632,0.3993499988235523
0.23585530432355784,0.2944241003974858
0.24214477910551935,0.015253209238417414
0.24843425388748086,0.40970051618962966
0.2547237286694424,0.16787498016974198
0.2610132034514039,0.20705530689977775
0.2673026782333654,0.40374219565561403
0.2735921530153269,0.15907365679790186
0.2798816277972884,0.2752022230045199
0.2861711025792504,-0.056725811990592345
0.2924605773612119,0.3063128880891237
0.2987500521431734,-0.09934611643985575
0.3050395269251349,0.19291681633361762
0.31132900170709643,0.7598673677580797
0.31761847648905794,-0.0530720269703811
0.32390795127101946,0.21159010326534594
0.33019742605298097,0.26259969809311157
0.3364869008349425,0.13918587567639426
0.342776375616904,0.29516237231558917
0.3490658503988655,0.12038584866124871
0.355355325180827,0.3079704266947808
0.361644799962789,0.22662212438928284
0.3679342747447505,0.456979016511601
0.374223749526712,0.7628407090940883
0.3805132243086735,-0.014565312706773692
0.386802699090635,0.31283866459226006
0.39309217387259654,0.525882981022606
0.39938164865455805,0.4271073710360902
0.40567112343651957,-0.06057211279099667
0.4119605982184811,0.3454284378528765
0.4182500730004426,0.46800314682424415
0.4245395477824041,0.40633553523692595
0.4308290225643656,-0.03048993141445111
0.43711849734632713,0.6877911715358298
0.4434079721282891,0.3875886006889678
0.4496974469102506,0.34373450409890133
0.4559869216922121,0.38775397393969224
0.4622763964741736,0.5798841651053892
0.46856587125613514,0.7025258706008115
0.47485534603809665,0.3012968501625145
0.48114482082005816,0.44435773381769306
0.4874342956020197,0.4926587773274773
0.4937237703839812,0.5301588987658032
0.5000132451659427,0.17227800146039784
0.5063027199479042,0.2656086791179725
0.5125921947298657,0.5320871589852223
0.5188816695118272,0.5085268068161483
0.5251711442937892,0.7910485281412367
0.5314606190757507,0.6997788215322223
0.5377500938577122,0.4897800322669082
0.5440395686396737,0.49912287183916554
0.5503290434216352,0.5362163762276725
0.5566185182035968,0.7204627979307157
0.5629079929855583,0.6513661638005428
0.5691974677675198,0.37923353234270485
0.5754869425494813,0.7635787365672975
0.5817764173314428,0.2549278749269317
0.5880658921134043,0.3921518742137797
0.5943553668953658,0.46356248312094944
0.6006448416773273,0.7338841067888895
0.6069343164592893,0.7333260649873796
0.6132237912412508,0.5812849604464796
0.6195132660232123,0.8791936191203558
0.6258027408051738,0.6816330245229036
0.6320922155871354,0.7431921281060887
0.6383816903690969,0.3432213736754328
0.6446711651510584,0.7589459165149972
0.6509606399330199,0.5967721979017364
0.6572501147149814,0.6092483033481066
0.6635395894969429,0.6080336847706003
0.6698290642789044,0.3480484861331033
0.6761185390608659,0.8639432910532951
0.6824080138428279,0.32129672676133575
0.6886974886247894,0.42816637224645193
0.6949869634067509,0.583926417966686
0.7012764381887124,0.6183634791786778
0.707565912970674,0.7401669874749757
0.7138553877526355,0.4141329871545268
0.720144862534597,0.9240078938685311
0.7264343373165585,0.8875416143259605
0.73272381209852,0.7100036914138451
0.7390132868804815,0.7862816355992636
0.745302761662443,0.6895225976888951
0.7515922364444045,0.26306768769048744
0.757881711226366,0.6511382980516262
0.764171186008328,0.5300159610910965
0.7704606607902895,1.0081104383054713
0.776750135572251,0.9542481280924553
0.7830396103542125,0.7313588423451615
0.7893290851361741,0.18308388584896773
0.7956185599181356,0.7639312571267018
0.8019080347000971,0.9467928224504936
0.8081975094820586,0.6096660981712672
0.8144869842640201,0.9192517484591995
0.8207764590459816,0.8475265711127625
0.8270659338279431,0.6575542159478327
0.8333554086099046,1.2808104403119365
0.8396448833918662,1.1177537120008672
0.8459343581738281,0.43252671407420185
0.8522238329557896,0.6051316903662657
0.8585133077377511,0.9983609207988904
0.8648027825197122,0.30227333696343756
0.8710922573016742,0.9602266188572165
0.8773817320836352,0.8144492440124873
0.8836712068655972,0.9185993794916945
0.8899606816475591,0.4452224624633304
0.8962501564295202,0.6066849957593019
0.9025396312114822,0.9071792761275113
0.9088291059934432,1.0789011465216545
0.9151185807754052,0.702996820626482
0.9214080555573663,0.5088910785446722
0.9276975303393282,0.7145520868089502
0.9339870051212893,0.4647959555057231
0.9402764799032512,0.5367256954886142
0.9465659546852123,0.8337685078588755
0.9528554294671743,0.7857199433333641
0.9591449042491353,0.4740609674900421
0.9654343790310973,0.7523700245462848
0.9717238538130593,0.8684615856374525
0.9780133285950203,1.0287996366078385
0.9843028033769823,0.7592738326378391
0.9905922781589434,0.7930527217444
0.9968817529409053,0.5036212981828159
1.0031712277228664,1.1233826914580718
1.0094607025048283,0.7205099488315769
1.0157501772867894,0.45264640893753816
1.0220396520687514,0.7344195699310017
1.0283291268507124,1.1436122946438194
1.0346186016326744,0.5931689083220388
1.0409080764146355,0.5415456894247981
1.0471975511965974,0.7382131495502289
1.0534870259785594,1.1520244332308733
1.0597765007605204,1.3090948294981435
1.0660659755424824,1.2418033157500536
1.0723554503244435,0.5306595019254862
1.0786449251064054,0.7834246414429584
1.0849343998883665,0.6117117037037012
1.0912238746703284,0.7505660940932017
1.0975133494522895,0.8375608790528153
1.1038028242342515,1.0574016843359346
1.1100922990162125,0.6935439488064818
1.1163817737981745,0.941540116464858
1.1226712485801356,0.9178912209954607
1.1289607233620975,0.9778654757112771
1.1352501981440595,0.744792086786362
1.1415396729260205,1.0966567965488176
1.1478291477079825,0.38229402324159045
1.1541186224899436,0.7588750723852504
1.1604080972719055,0.8295816522894165
1.1666975720538666,0.9579648125955359
1.1729870468358286,0.6934566700528527
1.1792765216177896,1.1520864488039038
1.1855659963997516,1.0285669504549875
1.1918554711817126,0.7045581221243978
1.1981449459636746,0.9765186662690291
1.2044344207456357,0.6103261070982675
1.2107238955275976,0.8991755782463537
1.2170133703095596,0.7196365535078775
1.2233028450915207,1.0135001409958104
1.2295923198734826,1.0004727336263102
1.2358817946554437,0.9473566073942055
1.2421712694374056,0.9982522673733982
1.2484607442193667,1.0932879530185873
1.2547502190013287,0.9825160901308275
1.2610396937832897,1.0040631591514835
1.2673291685652517,0.9466754186101722
1.2736186433472128,0.734071474543239
1.2799081181291747,1.1260879105581043
1.2861975929111367,1.118741644711978
1.2924870676930977,0.9026247706056696
1.2987765424750597,1.1268299111371154
1.3050660172570208,1.1203627384531576
1.3113554920389827,0.8181294781949423
1.3176449668209438,1.2240104510405394
1.3239344416029057,1.2835133263747436
1.3302239163848668,0.9805886769122374
1.3365133911668288,1.0368574691162031
1.3428028659487898,1.046365913763671
1.3490923407307518,1.07253894893697
1.3553818155127129,1.105113060159716
1.3616712902946748,1.1510263991333232
1.3679607650766368,1.0466569006881878
1.3742502398585978,1.0817611764788444
1.3805397146405598,1.1021499387579337
1.3868291894225209,1.2862103498240445
1.3931186642044828,0.5670884276722682
1.399408138986444,1.1412722338882737
1.4056976137684059,1.1526019531880634
1.411987088550367,1.0744799982280326
1.4182765633323289,0.8657200663861275
1.42456603811429,1.2919134185237091
1.430855512896252,1.2702019015807755
1.437144987678213,1.1210501683305343
1.443434462460175,0.9878856198028769
1.4497239372421369,1.080722178867835
1.456013412024098,0.5491409747578391
1.46230288680606,1.1787847629795951
1.468592361588021,1.0308285544609979
1.474881836369983,1.1314314389149007
1.481171311151944,1.2182025555160478
1.487460785933906,0.9365324722864652
1.493750260715867,1.101227703215684
1.500039735497829,0.9986828673789717
1.50632921027979,0.9682823460262786
1.512618685061752,1.3208584777317407
1.518908159843713,0.8803381281816323
1.525197634625675,0.9174896382198452
1.531487109407637,1.2306069936012434
1.537776584189598,1.0977740668558436
1.54406605897156,1.0699325547884926
1.550355533753521,0.9204584336485316
1.556645008535483,0.6876291648091768
1.5629344833174441,0.9226877473904574
1.569223958099406,0.657215910007019
1.5755134328813671,1.0741061236243705
1.581802907663329,1.183683056825324
1.5880923824452902,0.6087970050839233
1.5943818572272521,0.9075257952044619
1.6006713320092132,1.0850589890139206
1.6069608067911751,1.1331611310299572
1.613250281573137,1.1865508753565202
1.6195397563550982,1.059539052521253
1.6258292311370601,0.9330343690765631
1.6321187059190212,0.9953159931849909
1.6384081807009832,1.3287094132316115
1.6446976554829442,0.8345715684315529
1.6509871302649062,0.6163850890739893
1.6572766050468672,0.9884460866863024
1.6635660798288292,1.1553182219895541
1.6698555546107903,1.019225658091345
1.6761450293927522,0.9837761511522025
1.6824345041747133,0.5130002990915997
1.6887239789566753,0.813008414667958
1.6950134537386372,0.9155192445221827
1.7013029285205983,1.1523157672127484
1.7075924033025602,1.3436845116078433
1.7138818780845213,1.2980609682940725
1.7201713528664833,1.103199242249609
1.7264608276484443,1.1597057504397417
1.7327503024304063,0.8175934803796958
1.7390397772123674,1.2582286208842728
1.7453292519943293,1.0174647658693357
1.7516187267762904,0.7928366656381961
1.7579082015582523,0.7268077543905664
1.7641976763402134,0.7396555715141209
1.7704871511221754,0.9013717433155214
1.7767766259041373,1.1410480078031824
1.7830661006860984,1.0216512632799437
1.7893555754680603,0.9792432786911963
1.7956450502500214,1.3717735820835293
1.8019345250319834,1.238920347603522
1.8082239998139444,0.643094715760833
1.8145134745959064,0.986221590117014
1.8208029493778675,1.2725777034430652
1.8270924241598294,1.091229534048564
1.8333818989417905,0.9644716587705437
1.8396713737237524,1.3400888090075773
1.8459608485057135,0.8308040108812809
1.8522503232876755,0.7743110168630518
1.8585397980696374,0.8483641933137325
1.8648292728515985,1.0675620251291242
1.8711187476335605,0.785721518023323
1.8774082224155215,1.0200798294764717
1.8836976971974835,1.1179407349280177
1.8899871719794445,0.8179006520797638
1.8962766467614065,0.8424262143569159
1.9025661215433676,1.116121726660956
1.9088555963253295,0.6977876841986757
1.9151450711072906,0.6287457496047684
1.9214345458892526,1.0792263455500086
1.9277240206712136,1.138865492538917
1.9340134954531756,0.8412832763602488
1.9403029702351375,0.9704263454475236
1.9465924450170986,0.8241938051810179
1.9528819197990606,0.9477774293778645
1.9591713945810216,0.875058974823859
1.9654608693629836,0.7584136683730576
1.9717503441449447,1.022504980218171
1.9780398189269066,0.49469003968049763
1.9843292937088677,0.9252976059627506
1.9906187684908296,0.8352610469756772
1.9969082432727907,0.49644878804096826
2.0031977180547527,0.9800710992744512
2.0094871928367137,0.4959386726853028
2.0157766676186757,0.7188963170426852
2.0220661424006376,0.9378785087010767
2.0283556171825987,0.9483839570093153
2.0346450919645607,0.8569365238082033
2.0409345667465217,1.044739635863631
2.0472240415284837,1.1158373358813674
2.0535135163104448,0.9626926000142291
2.0598029910924067,0.5461561694275563
2.066092465874368,0.5912333725082818
2.0723819406563297,0.8191401588371336
2.078671415438291,0.8592099493883675
2.0849608902202528,1.0598909933367313
2.091250365002214,0.794599608828153
2.097539839784176,1.2511030633800113
2.1038293145661378,0.919664960076951
2.110118789348099,0.8810534955690947
2.116408264130061,0.978577557942687
2.122697738912022,1.2380525727374216
2.128987213693984,0.4900866415897371
2.135276688475945,0.8582237329027159
2.141566163257907,0.9543247037123794
2.147855638039868,0.6633109916457313
2.15414511282183,1.0521035531245977
2.160434587603791,0.34813393150346555
2.166724062385753,0.9188374534024228
2.173013537167715,0.906809206467813
2.179303011949676,1.032694829816225
2.185592486731638,0.8211525235236035
2.191881961513599,1.0602435619386688
2.198171436295561,0.8147283304889433
2.204460911077522,0.7556084230262283
2.210750385859484,0.9245493101463041
2.217039860641445,0.5982412337055478
2.223329335423407,0.8679160779862873
2.229618810205368,0.6856501876619413
2.23590828498733,0.9014829993324731
2.242197759769291,0.4654127656108708
2.248487234551253,0.897599113522504
2.254776709333215,0.8306344784103419
2.261066184115176,0.9825461439448767
2.267355658897138,1.0163697459294054
2.273645133679099,0.9511720397783723
2.279934608461061,0.788387314117702
2.286224083243022,1.315265436137001
2.292513558024984,0.7393660820908527
2.298803032806945,0.9670049854650036
2.305092507588907,0.3962057482996046
2.311381982370868,0.5951879845489254
2.31767145715283,0.6957760470982136
2.323960931934791,0.9230878383837964
2.330250406716753,0.6330321472598366
2.336539881498715,0.6643810358562162
2.342829356280676,0.682659970145244
2.349118831062638,0.5906373241026482
2.355408305844599,0.4189973492318699
2.361697780626561,0.710626705692824
2.367987255408522,0.7027219825381112
2.374276730190484,0.7169029372224293
2.380566204972445,0.3963179849849131
2.386855679754407,0.7534167091661659
2.3931451545363682,0.649225829279609
2.39943462931833,1.0675468334460052
2.4057241041002912,0.829632505716018
2.412013578882253,0.8028570552618933
2.418303053664215,0.5854926585707549
2.4245925284461762,0.5470676784391748
2.430882003228138,0.7297846307726346
2.4371714780100993,0.5410629858446417
2.443460952792061,0.7906907990690276
2.4497504275740223,1.0802759249990272
2.4560399023559842,0.6392892213886081
2.4623293771379453,0.5465685724800659
2.4686188519199073,0.759473783615986
2.4749083267018683,0.5535850299037561
2.4811978014838303,0.5414955625127561
2.4874872762657914,0.24989530442645252
2.4937767510477533,0.8670695587305587
2.5000662258297153,0.7730696687871159
2.5063557006116763,0.6150529782194113
2.5126451753936383,0.7238224327910495
2.5189346501755994,0.2752923901892729
2.5252241249575613,0.47493444173757954
2.5315135997395224,0.6009425535746279
2.5378030745214843,0.6102212417760102
2.5440925493034454,0.6635938336972644
2.5503820240854074,0.49194881283285957
2.5566714988673684,0.7950542610092282
2.5629609736493304,0.9186675515011581
2.5692504484312915,0.5665007855198089
2.5755399232132534,0.3890161470600655
2.5818293979952154,0.6211427947415396
2.5881188727771764,0.31119853610083076
2.5944083475591384,0.3906589247479498
2.6006978223410995,0.5275313770174954
2.6069872971230614,0.6041681866731445
2.6132767719050225,0.6783567027518315
2.6195662466869845,0.7414478244098348
2.6258557214689455,0.6795738057226591
2.6321451962509075,0.49833116880637846
2.6384346710328686,0.1425019815030824
2.6447241458148305,0.5646915812647213
2.6510136205967916,0.739090642208382
2.6573030953787535,-0.05195775493141069
2.6635925701607155,0.5885902792668606
2.6698820449426766,0.15525726342257395
2.6761715197246385,0.17400622101371033
2.6824609945065996,0.7582319055322861
2.6887504692885615,0.7381943563807385
2.6950399440705226,0.4863312537237972
2.7013294188524846,0.4652557218633537
2.7076188936344456,0.7789057453112469
2.7139083684164076,0.39018272024130995
2.7201978431983687,0.7280921084382856
2.7264873179803306,0.20575120988883266
2.7327767927622917,0.5565777269140407
2.7390662675442536,0.7695845676986256
2.7453557423262156,0.6148634176568966
2.7516452171081767,0.28508372421374895
2.7579346918901386,0.6694234579705995
2.7642241666720997,0.4394297561678575
2.7705136414540616,0.02153587846191002
2.7768031162360227,0.7132278777626404
2.7830925910179847,0.32864163709325045
2.7893820657999457,0.42307046946268984
2.7956715405819077,0.13145123819720672
2.8019610153638688,0.651501817912026
2.8082504901458307,0.6889509079591584
2.814539964927792,0.5259598030524719
2.8208294397097537,0.29862348032717045
2.8271189144917157,0.57349785183647
2.8334083892736768,0.3533276056904037
2.8396978640556387,-0.16958199130059964
2.8459873388376,0.6878396616326297
2.8522768136195618,0.45071979163796694
2.858566288401523,0.533700100028198
2.864855763183485,0.12338189093029167
2.871145237965446,0.16215683438162087
2.877434712747408,0.14993764525841383
2.883724187529369,-0.004962096441532726
2.890013662311331,0.19028335844223898
2.896303137093293,0.4809221715121146
2.902592611875254,0.03799291348278097
2.908882086657216,0.15168320403198654
2.915171561439177,0.18471020856831596
2.921461036221139,-0.14592801498792868
2.9277505110031,-0.2881223500769026
2.934039985785062,0.37193291848185295
2.940329460567023,0.11578467193612095
2.946618935348985,0.18944022890704557
2.952908410130946,0.36869074164013305
2.959197884912908,0.3558058195491919
2.965487359694869,0.30795945656334894
2.971776834476831,0.3064741680047991
2.978066309258793,0.0841308564759021
2.984355784040754,0.16724792412233389
2.990645258822716,0.17937930508317312
2.996934733604677,0.33419553371766597
3.003224208386639,0.23553306045706168
3.0095136831686,0.11035002308555338
3.015803157950562,0.006930717056293265
3.022092632732523,-0.06170863363673437
3.028382107514485,0.2932316826381325
3.034671582296446,0.23818935303428657
3.040961057078408,-0.11896135673582989
3.047250531860369,0.05970947427351227
3.053540006642331,0.3100767103637572
3.059829481424293,0.01746649384565925
3.066118956206254,0.20557185620554858
3.072408430988216,-0.2153266449598967
3.078697905770177,0.07500639050673868
3.084987380552139,0.06278389218346661
3.0912768553341,0.0396558142895036
3.097566330116062,-0.1518672633207781
3.103855804898023,-0.16185782977700672
3.110145279679985,0.32480829277408024
3.116434754461946,0.1230469801846545
3.122724229243908,-0.025091839222137213
3.129013704025869,-0.04022756146739627
3.135303178807831,0.08676609617099566
3.141592653589793,0.00443270087173715