0.5461167111430019,-0.3753082165859778
-3.38461354316512,-0.4570057050343892
-0.7168056318080548,-0.3229319308887638
-1.5592345933962979,-0.6164467662474239
-0.1273091247827521,-0.0302313092896117
-0.640924028229956,-0.4594869825582756
0.27146308188915347,-0.12821098169836395
0.3715253660454536,0.17617904678253243
-0.29488552842138716,0.44494111599933506
0.9367582414206872,-0.3231291236617015
-2.0422222668059034,-0.20459777633495768
-1.7366599274225227,-0.1675338748273213
-1.0961417559467177,-0.8811278444228721
-1.6059121718204856,-0.4869425863235681
0.9071571026971532,0.5647646106523923
-1.537594377634837,-0.7111541193246397
-0.994198475761558,-0.2139598749824021
-1.4151003345466575,-0.35909766665721343
0.6765089868861983,-0.25046757869257924
-1.2815972070569903,-0.5870578261790831
-0.5016798911252138,-0.11285673501513999
0.35701774294980604,-0.18361141394896816
-2.6380586702885997,-1.2758232748870788
-0.007249801401858297,-0.10677068095227889
0.7689717974126151,0.4223234718186921
-0.019975649213674895,-0.4211537526883914
0.5973118987820267,-0.31939920968632846
-0.3566218228288187,0.2263120313772173
-1.4333964497730407,-0.4206921992015966
0.6337624127985795,0.27156523641716357
0.46567649427967805,-0.20401293402323947
-1.1678155876600356,-0.1757531104650008
-0.8589202106780179,-0.27893853323387297
1.5862130938183592,0.273417242492238
-0.9860219175645708,-0.6414848404202174
-0.7052460857345595,-0.46023959186825264
0.08814144792617849,-0.2901377696075909
-0.8744974708408448,-0.30788798969601233
-0.050530292381185844,-0.05887148256227113
-0.20921771116597015,-0.5664572584290701
0.9564522252287109,0.7797428831976112
-0.7570317328169066,0.16395465717482163
0.8663727994088963,0.50523687917504
-1.3387125011080243,-0.0019370261542607237
1.1549576444616823,0.9004181134440483
-0.9398189371772313,-0.37053702552387074
2.3575887011192056,0.48624571919864457
0.09120749510835824,0.6920485653291315
-2.9301585463987574,-0.7504698690476141
-1.4365159286216815,-0.9258816400540719
-1.0357437496710193,0.4256102089930756
-1.3664719623032544,-0.6012853274310721
-0.9088244693441803,-0.19633314080210912
-1.7015586484639376,-0.3714277701190086
-0.8936403307302743,-0.3016258341267805
1.4773491964029493,-0.33531690719586327
-1.9519929647043892,-0.06632662883093332
0.24601789883768516,0.2933506614147791
0.38997810282880085,-0.6646853381048679
-0.3487264133581286,-0.1809199608158058
-0.24399736224361576,-0.13237359685394665
-0.8368369224407273,0.03243647225979979
1.5713088518000884,0.727750121732837
-0.9468311682209887,-0.48807289113227526
1.6845066154321706,0.3089018984737911
0.17051336748401816,0.5909696419824068
-0.8115816075900576,0.6154513215559514
1.2580519946341642,0.3884004954856319
1.474536869406037,0.719996863123346
0.45711881683643185,0.25100362286164835
-1.2845025153191671,-0.3961574372619362
0.2630455716605368,0.22687496067003304
-0.4849144093773745,0.3179864252756219
-0.09868960727635628,0.5431429575725293
-2.429708133322042,-0.7058175531639641
-0.6435837799310491,-0.07041919864097379
-1.6023638637989324,-0.19974259069963907
0.21404969293724277,0.8118604696435893
1.4552237112722297,0.3709681735029223
-0.1488897857933247,-0.24562839302611666
-0.5316375344602794,0.041164950037944015
1.3082274332504733,0.3130141894939888
-1.2121768872567529,0.09691488066653753
-1.4624437537120425,-0.8718416130002071
-0.11136438626305609,-0.011184947883311418
-0.8724927456286345,0.037597522522415716
-0.2552729060894941,-0.6199420536002155
0.433533788919061,0.0694138441774503
-0.8501509307256014,-0.023188721116481015
0.09243799297233656,-0.273713197204414
-1.5472557031317997,-0.1481787454768302
0.10794198346827655,-0.367673506965299
1.698930770813233,0.5141794427281409
-0.6897506123895871,-0.48789872215786256
0.31144556476338403,0.20511475394167783
0.8991743932091865,0.9968829574413494
2.4519814975105887,0.3382220050219632
1.067001035640408,-0.24028703885965014
-2.083656059337094,-0.6462786523275694
2.174056552330735,-0.05663378347502901
2.216159939054348,0.7913131644128132
2.594819593422899,0.4667284503587861
0.8271578100025538,0.4168986239999759
-1.2755079353932004,-0.43380741329526046
-0.2150919574440468,-0.7076466538872886
-3.02793644750364,-0.4970384038268021
-0.1930732869875346,-0.12025523386989465
0.3844020401137056,-0.4131710108460035
0.38955707770294157,0.09562644639083479
-1.8451214713032607,-0.4432968906220266
-0.9847715382130413,-0.019039594833986373
-0.1129128688511577,0.14239947651829218
-1.9132170413893763,-0.01982453019369501
-0.7300681360025094,0.29931995441273146
3.400590517463911,1.1517728928041178
-0.25871375513603423,-0.6484106518379478
1.155320468779046,0.6079837900830154
-0.9605895938788518,0.06604158601384447
3.6542110710921953,0.5572514418499042
0.032006335865115754,0.4268035378198941
0.8784563907828999,0.2717933876459842
-1.4277001004418701,-0.5178740451974215
0.07986707342702004,-0.6620526972020904
-1.4437775450233932,-0.1415869786128091
-0.6669803645430297,0.00993853333687672
0.07754552261151199,0.018798748899340287
-1.1634770623578614,-0.7375498417633849
-0.4750597694943761,0.06018427017770947
1.2415897711110069,0.8777947764723293
-2.519273831276524,-0.5251141065218962
-1.457767448741001,-0.25978844533000034
2.2337186203011763,0.5354494160402627
-0.06712967027146244,-0.08356707667215643
0.8500804976621685,0.4018992324203698
3.117254120512669,0.859598434536345
-1.370425514009908,-0.13855251085769205
-0.8026141149322608,-0.2715313706655344
1.7829931316654535,0.8272501045489594
-1.9163829532638355,-0.5361886697659866
-1.9976230488318247,-0.09763714982667326
-2.9419570656297607,-1.6284471096334805
-0.7395080042453963,-0.45724295341063037
-2.1856485626058375,-1.0059453037511707
-1.5448944293078921,-0.6086559057782129
-0.41878899316269136,-0.1291746525295558
-1.55286942453272,-0.5424632772971116
0.8983435502068509,0.5119393347423815
0.38461655219005286,0.08675598640968285
-0.39637353956624605,-0.03389532911578258
1.945303115088418,0.30141840531687647
-0.9447613921988021,-0.032851359767635535
2.072019887602952,0.8230750842685551
2.4138943210060386,0.5901347989320197
0.5631419909777062,-0.007951436725590011
2.745351897134238,0.4520355375319032
0.15495361506847272,-0.6190738491412944
0.9585639442527039,0.668075583156295
0.6082389523003172,0.2099075026750804
0.9490379245248594,0.2551019095326653
2.862463636209223,0.4678149736968138
-1.442046348043214,-0.4898081466796925
0.9777077440671749,0.0902752444815133
-0.4206346561955945,-0.03873147877494723
-1.409644651222134,-0.03465218489725164
-1.2037653089363443,-0.6365936960033008
-0.7797324384060887,-0.16794145425488916
1.339171026952187,0.536025426892701
1.0409658209818662,0.15357139782127144
0.1383902540323963,-0.27724161800013575
-0.4381404599884212,-0.4299875537950126
1.3066209020048691,0.4986491930407412
-0.21057438400735246,-0.1189646827342522
1.4237598262725775,0.24764556178132036
0.5024638933742643,-0.5892465565986925
1.4914925595773567,-0.16785441302985937
1.6960061521902698,0.4737513231684466
1.6656465866816128,0.35287330889985746
-1.6700374649017373,-0.23276205921296922
-0.9650622943019623,0.2084380474811548
-2.8187908033098994,-1.1827199037332052
0.12587495638202115,0.2962432369412495
-1.025778606281936,-0.4530902970179596
-3.415290399904404,-0.6079703985294158
-1.1597331916633364,-0.30246917615381375
0.060337607706478086,0.13823605074994155
-2.4816381003500596,-0.7843192913389183
1.2120106807579298,0.491913554982047
0.0946870548843607,-0.2559279786969717
-0.46899879750384066,-0.12469232707570574
-0.18786380482557288,0.4091703218590482
1.1697826874776136,0.2728310901351261
0.10550642834953382,-0.09433834276683503
1.1734992265292428,0.3232425302208556
-1.087754059538449,-0.12061497396021031
0.6308678318382069,0.37356873267300184
2.783088636015676,0.9567945228371496
0.4030589303276176,0.292809310379747
0.5934868794848897,-0.23866025232414712
0.004178489822463938,1.224057810896602
-0.2525274162753724,-0.08989469705303313
-0.8150426125690997,-0.4893611002183128
2.1015735059270497,0.45562169305076505
0.7027913839792108,0.08015646832599732
-1.310612779022814,-0.2939525321750859
1.1966816471757347,0.0073512083044536825
-0.5708154399165832,-0.3410652211310783
-0.8522053199271195,0.002631620841758553
-1.011991845396626,-0.3886602085763948
0.4378390991508656,0.5508660067779487
2.538839857541068,0.4950146199678275
1.3793185811143047,0.509691967014509
1.951405046231343,0.9492726058831947
0.112099107779653,0.44103980674103455
-3.5853407089852354,-0.6391356927393632
1.9311615928802635,0.9819090196730634
0.14946628790860303,-0.3136240764381414
-0.23837489113751512,-0.1367370154827555
-0.3510596455154478,0.0022512638503843774
2.2905523485516595,0.7162825775684329
-1.4519164243613982,-0.7621709523015743
2.505749900829643,0.22292917587046301
-1.2995170446425073,-0.10497856241153058
2.108423527241686,0.9428652906883198
-0.3539359061535951,-0.16541622633400332
-0.18318702232709372,-0.02885476741706028
0.5014628219089748,-0.20730997456274144
1.2160024736758757,0.3320908719639278
0.15272041221143043,0.03166916098432706
0.018989537800823242,-0.23034964272419955
1.828593629917619,0.6795209540330867
-0.38692071528955024,0.023898997892822543
-1.5576562311342386,-0.6530120514710793
-0.4595826879506521,0.2569384300852321
0.5219368565308147,0.30517233841016667
-1.043834206341708,0.13491466295935173
-0.17148693457146397,-0.10500050612730388
1.6160591124580694,0.5385927375528624
1.5971062141454677,0.8460564372537505
-0.2125330892391201,-0.20003227534135556
0.7469064996501098,0.1859053995519414
0.08955582172760507,0.5125764607615482
-0.040615361550602885,-0.20116757860189702
0.6677784859078073,0.46275834738996235
-0.9470159933313438,-0.3365849787551285
-0.6578944670698627,0.2820726032835427
-0.8164692613187279,-0.3756377159591714
1.7943607738387723,0.4586851340143272
-0.7701334261577286,-0.16911900296455756
2.187953565725727,0.9066139935848496
1.578050934072577,0.10927770305943663
-0.6653007929726249,0.0634107115424373
-1.4283213208104297,-1.2947927677061786
-0.15106794988030584,-0.21171753380204475
-0.66618847022053,-0.5255691859855894
-0.0031966625558072226,0.5604186908822374
0.9175797437107435,0.3091081426523822
0.2164591371608851,0.28859006151315014
2.2324828375055494,0.5679237602551532
2.1711539761185374,0.2380581292956513
0.3950893721994969,-0.318302661666567
0.4005893637824441,-0.021873957031431607
-1.1694957768548295,-0.30699200436394186
-1.9798595461928072,0.722801418503978
0.9856876112197619,0.46551907676182974
-0.8798101224377148,-0.06640977815502991
2.694353702086639,0.10144019839540186
-0.9330914003537765,-0.5600380992559438
0.371074120521444,0.3013706506020183
2.9734044366129337,0.9114844137715092
-0.009977509089268893,-0.48889512411008834
-1.2814614245778468,-0.12676359220668676
-0.1322617454259109,0.3682229152805341
-0.8272923159086842,-0.5938675771478433
-2.3098664884632667,-1.287864927208568
1.6481714344613425,0.49110063666499537
-0.8282038605464128,0.49690509811105804
-0.07512162653054345,0.2693103874445893
-1.047153210925547,-0.5036521190616593
1.3844325970407474,0.06054736649976744
-1.127899465867888,-0.1368339402418543
1.715000234731336,0.8241675315246282
-1.2280513354323197,-0.6766741297010626
2.105026625524526,0.8946102225206681
-1.7336799100407903,-1.0284619047582915
-0.7963896920139183,0.1679298540656047
1.8616556922079095,0.4948162664641781
-0.4453083296324976,0.014498966937907254
1.230303005422836,0.781963190957893
1.4260225815781489,-0.23896058637615247
1.3209059646767582,0.8046759354587112
1.0902095135005454,0.4272894909948631
0.13490105410885628,0.15991590522863486
2.7997100303503792,0.338996772003346
1.3216951124871712,0.48349578654996556
1.0075775223850498,0.7953517076855725
-1.8824906714842207,-0.34555760366545474
-0.845311957629941,-0.7947434901477785
1.3757699573365727,0.42395795008172554
0.48728730905280127,0.037109988221442125
-0.32240456751704544,-0.14550347094362365
-1.0463290824293399,-0.05898801559459915
1.3477067532864537,0.15422975128951744
0.8601493048227511,-0.11461432076817396
-1.144257554456657,-0.040941813677827954
-0.5068353397159965,0.20905786051290084
1.334004303038109,0.6964416392553014
0.9247835819945491,0.1916715094474632
-1.6478738761657696,-0.020902727978339697
0.8157005988925571,-0.055903560008759956
-0.41128365468240097,-0.2304464706352905
0.5644136894269776,0.32009126796810783
-1.2377411365744404,-0.5351902548169747
1.5569570835639956,0.17606215442183493
0.18657145861447474,0.18964028719248366
-0.22038753343940748,-0.30582995516306605
-1.025671723489587,-0.3101474203500882
-0.26245080631861706,-0.09755310184489736
0.750219146707749,0.5899355501939171
2.2551123748489488,0.5114486235387069
-1.9073238270909645,-0.8489791822149001
-1.5595724661755055,-0.3209251295824631
-0.03477078013510537,-0.10476852816847956
0.22785116776287126,0.3897194090353656
-1.3581307856377633,0.525356674389845
0.2957853601941389,0.10357627477392199
1.4212931026744173,0.6240400425066943
-1.0113281620601522,-0.452509056300814
1.6996306083466726,0.48032773139557605
-0.6189523255023406,-0.172415770641031
1.2841018674957994,0.5547234997174536
0.42709303597994863,-0.45434791716152434
-1.3109386872721585,-0.29441788332687513
2.5617724920500837,1.1459664596483274
-0.49391008734268216,0.3233953681190699
-0.7385807534376786,0.14926717097206973
-1.6668389031970854,0.041687268252921794
1.1582612718011729,0.23653981670487073
-0.9030290540890618,-0.14325489357705412
-2.9648275817061673,-1.1677824636782508
-1.1396528060052873,-0.44006988729405916
0.7283507655809978,0.16962611663354377
0.16568226589201016,-0.3072755224130093
-2.122244182186611,-1.1250309316576763
0.07295847632217652,0.3523150708254969
-2.3082062573924396,-0.23766677587127116
-0.6454909522075859,0.08047275789871644
-2.2148597255577,0.07736879419320863
-0.5531814721948853,-0.36966207073904506
0.47713779731264194,-0.10651302643427771
0.8629397248499058,0.42835684795662543
-0.012790013718294739,0.12395430555463577
1.1113984263653218,0.510199876705074
-0.026326486351006997,0.05983431525906628
-0.7143066361391814,0.34110137922098827
2.3811686793783,0.28042508823739776
-2.8736116074070006,-0.8729738491627992
0.6336650069925263,0.46743276263449174
-3.274904549054094,-0.7593876706855163
0.6463538433254319,0.512315796509645
-0.08707173487217681,0.509695296928845
2.848196719727522,1.0737353999679333
0.4448877170175188,-0.04243130112760113
1.4466530119933845,0.15127551789002547
0.025213009089067095,-0.6484446122000418
-1.7336984002537,-0.8765461677829246
2.02609980975234,0.377589792073007
0.9397512967041564,-0.35914531021384855
1.086333158985567,0.6124467130159712
-1.0930805552248462,-0.20518754785835713
-0.14807505679906108,-0.4640980287805312
-0.33581079479869314,-0.09051136004985577
0.39151421242203177,0.06306385350993388
2.1861602766322243,0.9454762342732806
-1.3777224011212512,0.5451126069425679
-3.60992620597595,-0.287188032315596
3.467683379733329,0.12784807727192726
-0.51942188965647,-0.09252897583064992
1.1742433489351183,0.24581304588978792
0.5197234616985072,-0.5554407920908504
-1.0217087706092616,-0.4381228369020189
-0.030173028302996605,-0.2651173303404356
0.43020337112817497,-0.46196057857926076
0.41632234071518837,-0.05892778625327805
0.1849558281588109,0.4966509104730397
-0.5257269799886684,-0.7094360357754612
-1.0862557120719782,-0.357647582645915
0.43739989353588227,0.004318081375938643
-0.5713744061902327,0.6542952216770545
1.1832750192933341,0.09510330475016032
-1.3562517523681348,0.07709040071978535
-0.1746311483953737,0.13920374068125166
-1.8130705062716403,-0.5361762744009448
-0.3817786277307396,0.3194831710243173
0.24095473293098113,-0.6363656573798194
-0.7640125239790415,0.02549853491862919
0.5525282774521416,0.05649686651484695
1.830288775280478,0.43831313396521265
1.3419702128320603,0.4437233954932219
1.7631497461061674,0.7549194333241748
0.9183326673202629,0.7948745390255563
-1.3045437243020515,-0.43743818893112146
1.1696738548611207,1.1281160964612935
-1.3221697444716716,-0.4684810951040636
-1.69202670940563,-0.7508895542832402
-0.5861654465421999,-0.38712216863969595
-2.7510881945504186,-1.0955339387496523
-2.1165133060314796,-0.43799604861799424
-0.9855608353407839,-0.7843712213880177
1.9425541020007489,0.2683044926235365
1.0250416200124504,0.12087350383977641
-2.1745667794389685,-0.7907830274610561
0.5148795709422944,0.4320710378004745
-0.8030537382273378,-0.16746495902124425
0.2885969046333614,0.40641676738939764
0.404139603370678,-0.15003032866983682
2.271140430934733,0.4681587339614186
0.3717809997713807,-0.1441797956827741
-0.36190641776849586,-0.5712595028987784
0.8581150395601791,0.28232674016790715
1.5446061751787024,0.6878944186910534
-0.8416505488542825,-0.42309414545078555
-0.46291682054568595,-0.2282327320598542
-0.3393220313591895,-0.38907539081693066
-0.21779939888857064,-0.12494200945050764
-1.497566080286953,-0.716491739615358
0.9792747869411018,0.08670629494545012
-1.5115544444461588,-0.5494444404985795
-1.045662696836857,-0.9121162029506589
0.15886422273903436,0.8333127165763574
0.7226991331327624,0.15272243902938615
-1.2910554252129698,-0.7033434489343315
0.5607480631229478,0.22467333518415245
1.4158852967079703,0.08346041035323792
-1.8856287840323414,-0.4430878819782199
-0.1459293694337684,-0.3247912776198965
1.1813425864345697,0.837706033348264
-1.8080711332571804,-0.8163775100881258
-0.7513459019812705,-0.04696387649353728
2.962668320791031,0.3081041873576613
-0.5941495702545572,-0.7596944132231572
-1.5988657928587622,-0.48206909174368073
2.0975427942960803,-0.023403560371599186
-1.9151383583306536,-0.16468613917510233
-0.1364680343169447,-0.01171174919515431
0.4759744133855325,-0.6202255572989765
0.1726585617506034,0.6482537221529557
-1.165396749385615,-0.12023906843510035
-0.012726524577943247,0.01650102294719246
-0.4056931768834181,-0.10930099489075623
4.205514304348726,1.750452779281237
0.5109189664021856,0.20050718303679246
-0.12680630356925485,-0.760852674038047
-0.5653719377983,-0.3645224216560333
-0.6624427296923292,-0.10347446767210872
-1.0640656211244224,-0.5797667511326008
0.20247196511557397,0.031211281943321692
-1.070184823564397,0.07467606085197648
0.42804934840236336,0.535059802294702
0.5234321974883043,-0.20014817458206682
0.5474574852695112,0.8179079231442972
0.6210144859534003,0.032620921986975415
0.2251394285350617,0.6242173068043969
0.9596192077923175,0.2285509571651635
0.9418608259000991,0.07713011578882678
0.37627966277836994,0.17713974383695208
1.5820666593341364,0.7316321872378159
1.3406226997934485,-0.015491170798081377
-0.5497142544356202,-0.16166710648050778
1.6688961275685457,0.9049338101779827
-3.2958867583309015,-1.0489843757787471
-0.6437379461785401,0.22012212159865518
0.4827561630053395,0.20301210927597912
2.1014469890095504,0.32536197548672907
2.5753582527619745,0.648601128413147
-2.6731798112590512,-0.8368824276221724
-0.3866137491417587,0.7299933918822621
0.48706656932728853,0.5259606675569163
-0.9610054868990696,0.0335950961453923
0.3946460553914015,-0.24171698996759583
0.703815931309306,0.30716273481075196
-0.4807367657139002,-0.14897958584622265
2.301184185169074,0.4478695810586881
-1.9636676944390568,-0.27867653477503307
-1.7973304299633033,-0.3628823056132785
-0.8720150934208916,-0.3701027459689563
-0.8447741356022103,0.35505401361171357
2.4431629016712093,0.47084812883341354
0.17099133085516366,0.41331901388112663
-2.3025803852595343,-0.47503603309678233
-1.1979994092440704,-0.44075182674211427
0.5509650676083779,0.4424994741103999
-0.492829156918261,-0.2628261935246409
-0.3764020660398917,0.219447049265366
0.9210622719150184,0.7873083511649982
1.2586533812075913,-0.10886085656914041
0.5094778750320488,0.18158985198029803
1.4827539224249562,0.5793742147145505
0.9459840214545181,0.3453476127381618
-0.3755460488284407,-0.01614817717017039
-0.8779445657349016,-0.5020121466008545
0.2865622530847037,0.5595277416259431
1.1991129388549875,-0.0374207548419615
-0.5390150594454921,0.14389820302360556
-0.22948096328468523,-0.7947350653355851
3.3601039830154598,0.6603138925655816
0.21736605459104644,0.36011901101478044
-5.177680670706153,-1.0572138917177136
-1.971319181695704,-0.475798308351965
0.0005001400185436072,-0.16924779877127424
-0.89603729961294,-0.7264881250902249
1.3599580571382621,1.026226964816475
-0.7241654597734863,0.4547515011292671
2.408314970425838,0.5615322142692418
-0.5668912711428715,-0.20524718533294814
0.33604051407437885,-0.11402366057752891
0.3492619674515309,0.7534265429426766
-1.7802621982474607,-0.23665675711604817
1.1343238162815672,-0.24987075627223676
-0.9910237559263457,-0.7414263276579793
1.1092535810544277,0.35845787408096075
0.9293688379809104,0.004145259950518232
0.1812137549137959,-0.10524485589809615
-0.3860626386947173,-0.6813053546164749
-0.43775952268084367,-0.5541856541197299
0.6288356471439329,-0.09495453178410268
1.4306361227074325,0.6731769502399889
0.31136486062300744,-0.005445989947469171
-0.7362543728649779,-0.5882977535496106
2.08757034388504,0.6018580806587971
0.33664166697149256,0.02273547407431603
2.4998667045816743,1.4793814890907835
1.6297355870551304,0.4521952959467065
1.259270080420297,0.6385726594916347
0.7555096818776257,-0.0925603568477143
-0.603913908945195,-0.240809353132903
2.3793327195413023,0.22046227876433344
-1.4868536907397285,-0.20533881899036333
-1.3807500448114371,-0.45164881993034484
-0.3668977872493363,0.2085570913518615
0.1536711818242364,0.012839917182484437
-0.6298456757727983,-0.0040693683642070155
-0.7665219435610341,0.30392501281259937
-1.3077373798159946,-0.1614614146625033
2.295611344360135,0.6098545150098235
-1.181764329939578,0.4639188201017558
-2.8248719286842126,-0.9369048015148844
0.9591796571557739,0.3029122458367299
-0.7365060619704664,0.625334378224748
0.9632832870111041,0.6965730099882419
1.1995586409431578,-0.5740698953956436
-1.2343034104869972,-0.13984587682405086
0.3998610287019721,-0.049912415931681525
1.8596237626237822,0.33462034144976316
-1.770644783614988,-0.3337525294567447
-0.4329762327946105,-0.035256990838128416
0.9119006463139496,-0.13788402821056217
1.3408512813784186,0.2596454462905182
1.9572170224471503,0.5507640181949449
0.8457884447552515,0.5362149152082218
3.4398521944128433,0.6912273340096693
-1.024786864878592,-0.6074106910995578
1.0940773562291994,0.04613003879123634
-1.9046677816552817,-0.5237926444171594
-0.3007259032902061,-0.49192390860853175
2.8734092701608165,0.7635035311761502
0.26309504854918564,-0.0797079519967257
2.477394069025794,0.9141424688531846
-0.9049474902557213,-0.15238735367450895
1.70688148453463,-0.021848673973294486
0.17850040002346973,0.23157448582496956
-0.720572996432987,-0.1850365115052493
0.44550891263482273,-0.048057096139910244
1.5429487727030697,0.290599759244482
1.2340113260261798,-0.12589326821046642
1.1761111651186607,0.319183942734
-0.9377139355165828,-0.5480448340491508
-1.3943885157490077,-0.27809646707211144
-1.1145909724250405,-0.7995859537889329
-0.14656316049747145,-0.2893985679043875
0.5968902636319884,-0.5199084818253039
0.5267906764841315,0.7479330316237558
2.3291093115835917,0.021465601207010243
0.5799725395580829,0.6652107580156311
1.580956370063009,0.8187432752485023
-0.30509888467361435,-0.09069508643633004
-0.7580155169478364,0.10298873109880757
0.90754116410283,0.7549256199400909
-1.4231828456523121,-0.281368943322422
-1.0719091731044268,-0.8235283589143301
-1.564730866066336,-0.3831196985379005
0.6019330910828162,0.28780193166321477
1.5864434705294481,0.2421394754925612
1.734838218197826,0.4155398679901383
-0.6199843443080926,-0.14690494558834657
-0.1941223429149121,-0.6763182207922824
-2.594542109930917,-0.7055470169658408
1.6010351332762771,0.4719220341312036
0.5201992498678654,-0.21875232850866974
0.6379058567254269,0.6814029293930204
-0.7079004835314326,-0.39019967614856255
-3.0087972014261988,-0.41976814979091825
0.03993068241984708,0.15880861548886016
-1.3795315361752836,-0.03727527030998723
1.9647085411683736,0.761231730512704
0.9492251994046275,0.08793363007655886
0.22821650714245537,0.27541072574315517
1.1323537471966563,0.5826465667416081
-1.9604130187177002,-0.047641617720782126
-0.16207047712731934,0.45846096748449694
0.08929406483510358,0.4826448291028728
-0.9813332225807058,-0.09111713511060826
-1.1196303381619757,-0.29117318223918043
-0.22154573800067406,-0.04424249689548848
1.371294827958597,0.29474328195736155
0.3186078600569037,0.496635660185972
2.122937088173813,0.3044888029140268
1.0977135287036222,-0.2872933429538059
-1.6537773757207253,-0.22155399579451207
-0.2935269162707266,-0.7660292394538044
-2.20232672551008,-1.1888088174390838
-1.6616321096532936,-0.5230963244588315
0.8604450413654527,0.3984689323321901
2.827118560983177,1.3732094049149564
1.0502132610426282,0.2019840604090672
-1.4587939377130645,0.0822031178964644
-0.12997683180795838,-0.42981828536906763
0.4854640010068785,0.19431636939417832
-0.24053478047641633,0.24226286869734437
1.6515677085631322,0.9146656390614141
-1.1120515239866882,0.48735153621370686
0.35289441020753975,0.009490925284335011
2.155125107598146,0.635504109147025
-0.782292071780616,0.42454392839762095
-2.264777555399179,-0.8344826719451365
-1.9132323984206858,-0.8191275052686467
1.9850716466044918,0.52322863576729
0.7317970136042342,0.012679363474319971
-0.18515103993806636,-0.673691005077022
0.5315295950962761,0.11138995488544579
1.2939001109097796,1.1797060546432987
-1.4322800942886333,-0.14947296504915053
-0.8069790973654047,-0.2507074088206558
-0.5154639491395842,-0.4990630787408877
-0.5568239829618402,0.14868419076211414
0.42516552116588757,-0.3991256504869334
-2.923918560771214,-1.0803623092642791
2.3759142733738408,1.2738298094830307
0.6811476390847427,0.06700326778468824
0.23389271898207725,0.2851960406628826
1.9123430939236423,0.8774599617627543
-1.2157508480694215,0.047315319886434115
-0.15967781103202278,0.6963141606562518
0.25223927668356216,0.2736017845640214
-0.4657803107070688,-0.3046959323738253
0.7587560837723261,-0.2304988802729293
0.6429550126134894,-0.07540468101761494
-1.4344582787419857,-0.7327318414065008
-1.4625907333106989,-0.6732587073077545
-1.045435075544653,-0.7854932567824745
-0.520992524981103,-0.45822284443389794
-0.7463382404229155,-0.015647228769312016
-0.1694060143261694,0.20265910444612517
0.6871923968644684,0.18171495270947186
0.5030145506451045,0.46860716651828316
-0.1095517550252951,-0.05398920929866246
-0.13876376001715063,0.6744190972142123
-1.037401792046109,-0.5811990596361802
-0.0380307810350108,0.09968868684392343
-0.2855321631584812,0.4061792152338105
-1.3311820975356996,-0.5703116728351876
0.6784057730590757,0.3423631815210208
-0.20180009935684826,-0.26921013507205516
1.8488963755737153,0.09137111498610873
-2.0399756742716315,-0.821734195971927
-0.06147176941019781,0.03027943222446354
1.6804952813504408,0.25133816201810866
0.09079960231320292,-0.3412171619559958
0.7130533711293927,0.5825047343633857
0.22451394189086193,0.31482398066324035
-0.9235452194612523,-0.498272689692626
-0.1677017982291183,0.09606698254478689
-1.071712722760672,-0.36020099326159316
1.350816277070314,0.12068122878055332
0.26353987991619715,-0.26905885517701716
-0.17570647579783522,-0.22864073903750554
0.5730619506826506,0.06429418643321122
-1.6401136985482094,-0.6412329609166288
0.4210445483884151,0.05646133180129831
-1.6938632142969285,-0.8791759761066554
0.5079920821720763,0.02070025729944011
0.7913095464064235,-0.0028965510181570564
1.9185849600110103,0.5342469021468622
-0.1947629284795841,0.2183569690601778
-2.49803117668903,-1.032683930715684
-0.02603218143536959,-0.4206839225052128
0.15910824593107914,0.15484410527986112
-0.3421477470659199,0.3588015187424613
-0.03787626595488561,-0.36109900875113277
0.14376156616387867,-0.1315351935883013
-1.0713522789139753,-0.1650642370010203
-0.14592407407430524,-0.09510015930332869
-0.2806156380711119,0.005459859971568309
1.65924858128214,0.16612293469655515
0.9313823870138742,0.3382468897630312
0.8131952405287111,0.334271306570533
-1.5355680000127365,-0.6506389778593988
-0.3414028346650774,-0.3894948317965741
1.257422965939383,0.40157755932956424
-0.42831451975997964,0.04065352677690051
-0.01566339380508021,0.20912384402858628
0.9136106088070886,-0.12359458920526734
-0.5976847442692036,-0.03368223249304875
-2.0318608963199734,-0.40257966922964594
1.8959020099832236,0.5605036623156893
1.2870692141951183,-0.17416171858485852
-0.642131908161571,-0.7617747570943946
-0.2937348970582617,-0.1419979787879907
-1.9746612252401325,-0.6790610324559097
-0.01895450364796234,-0.021597847921278533
-1.0269628661108832,-0.3935724720157276
0.5066040893175011,0.06942502492168834
2.690364307927908,1.0626276223492648
-1.1810030884390454,-0.19443949679843564
0.24252450450343468,0.3410934280285466
0.05326002635632261,-0.307733980574712
-0.6933809518015722,0.19426550782662408
0.025716749678407078,0.3249944629015207
2.591028508737955,-0.05172592272396548
0.7245918049389888,0.2432129112819304
-1.3462320935220622,-0.26410933551652893
0.9601572838601351,0.2881791378570397
-1.8997372984836614,-1.2223195837018803
-0.0934625208449121,0.15075373534830583
0.7808071369367031,0.68403564340685
-0.1565618994969306,-0.19014768348011143
-1.8195198899901635,-0.14232018994817475
-0.9461843950808992,0.254654637325646
2.3502952696577952,0.1300459643074815
0.8156801392611669,-0.5195503142244124
1.2856651886174406,0.2878335953904958
1.539153744939751,0.2737472399776383
0.5529029399623676,-0.06499882481264604
-0.18072649386157746,-0.054376209324910454
-0.06414763394207389,-0.018179987130866045
-0.6847180821780324,0.3407026677353283
0.33013781827735333,0.11880759639166659
2.9518801265192907,1.0021714348276665
0.25335653092881055,0.16051025596709761
-1.584724205970546,-0.7768976226673672
0.2548450741709561,0.4433078159998218
0.13921140944228338,-0.1257086767261178
1.305537963215215,0.854983065956
2.1695154284679097,0.5166086725396558
1.4100416410064112,0.6176003233811207
2.1906707229725866,0.26838893766142413
1.2389720397209576,0.3747636066004228
-0.13437206624747536,0.00628488060047263
-0.4372572114615667,-0.27993808612090476
-0.2769201358611513,-0.6249441861804089
-1.0168731671554552,-0.31745360037161924
0.6374289220659799,0.13877500571489812
0.1336573005223754,0.5390550918434036
-1.8119927493228323,-0.4830353855007783
0.885380781230258,0.4131891310284073
-0.8543303605395209,-0.4886918993747934
-0.8488021135349362,-0.10345499719874846
-0.44718778030625317,0.15512813234834488
1.2951220872993665,0.4135474433881293
-0.9633905912447353,-0.5114945656883869
-0.5251118951708318,-0.7113785016738561
1.7496447538246733,0.5473489090838408
-0.06855546851328026,0.12383609450306005
1.0572698085273615,0.6076685826262587
0.49005141067980146,0.4313674008169383
1.6999562653311446,-0.0049304983984173045
-2.0731624528679915,-0.6007328679983147
1.3551363109465648,0.28065707101106596
-0.42620101393015813,-0.07033734202373346
1.5550617670720965,0.27613936922361904
-1.7030021735513392,-0.2214849796961169
-0.5486586123586924,-0.4240349646967738
1.6414316895997814,0.07168241013608434
-1.4314170238408495,-0.4101369394457792
-1.812452070320779,-0.5143441392675354
-1.60108240132848,-0.04047088709904112
0.5305433376238425,0.3481637924712942
-0.496090058194957,-0.19200402753770054
0.5775051988927936,0.16063412084987794
-2.315096262317493,-0.4945960925706243
1.7945615621070534,0.6019366409214928
-0.4117662967409004,-0.5900035028326464
0.7702708511901386,0.07117710027355051
-1.51491803444274,-0.6375012894522207
-0.6890466643019175,-1.259238164337445
-0.9021865909915888,-0.44778996783509345
-0.6249628731000869,-0.1389498239299248
0.6272648989779689,-0.09430662558277425
1.9635364421800336,0.2883080902841656
1.0627088709431105,-0.3171527982848185
-0.9922454250479742,-0.5037246936752369
0.8682508300603644,-0.061330725639766104
0.13162936113706644,-0.3684468798322391
0.4302467010410441,-0.4407929097593054
1.3750297877710633,0.5680213723243248
1.3809493800624133,0.5856016478365376
1.4411349267944762,0.3214325048095359
0.6764933144537589,-0.223812005010899
-1.2881596337128642,-0.4967071737004316
-1.5432805696775984,-0.06516774961639993
2.3921843480802476,0.6700147436886185
-0.9674783623614627,-0.11127276793880642
0.3512925741747904,0.21832474398091412
-0.3675784184409994,0.6430308962574924
-0.42981878986427563,-0.022885734219341758
1.1529433877484863,0.4627712920817529
0.19466657438355908,0.7929080613250329
0.09012422752151458,-0.49456751222582795
-2.876245247206505,-0.771251408069574
0.6711238194461043,0.46532572569140995
0.7093036398683084,0.4894381964655171
-0.375833608271759,-0.019337449908097742
1.6596380053273943,0.03187095098009873
-2.265815266256473,-0.5608041460340293
-0.07528156912337525,-0.8775364551433105
0.729549060204346,0.6695518313073032
0.7109517141252863,-0.28712703445241805
0.07623239536982723,0.6167050804022975
-2.1037721274548593,-0.4584760182696105
2.6701011905376886,0.13110042701791835
-2.0098588719862285,-0.28877774557954117
2.3781761641879178,0.8947356835318554
-1.2069030922857422,-0.7310578563170884
1.4113429879898205,0.7461140529929895
-1.1595353259737877,0.1137935398281143
-1.1089975085638488,-0.2797115222427766
1.1106676848901595,0.658738272118188
-0.9717071429481603,-0.2541955548094393
-0.22230201924653092,-0.15832741079370138
-1.3316590251191491,-0.09399918708346378
-4.971597137419163,-1.2603850999498585
-0.44628913351288046,0.07062364782248659
-1.2451591823207675,0.14693781301285608
-0.6874462801872666,-0.008315423090710039
2.5830363474284077,0.8153989454357957
1.219690931309938,0.7179524602978065
-1.1256709222854786,-0.8573201031751521
-0.8173389079016002,-0.30580517880974367
-0.5970175721950731,0.192374489094315
-0.416973678459989,-0.29276603061468726
0.6319149072543366,0.07033655288130192
2.189413715046621,0.5082742871186164
0.8060309750943833,0.3725998895282028
2.4512049042462594,0.5378617942791549
0.6549999781063887,0.39105441288383935
-1.7910285181229488,0.10767605066272479
-1.1765213240677834,-0.6160383771417572
-2.7938549572395033,-0.4157103734309091
-1.0232574384855784,-0.1942572590123624
1.9289204376185687,0.4844269553184716
1.0497301645354256,-0.010095225008074693
-1.403195496106565,-0.7634937551806924
0.125067076405337,-0.27675551779323937
-1.1895898624788006,-0.2956675071259163
-0.5958821420648924,-0.259027379966961
-1.8953748633780974,-0.5469498347386442
0.1500742785621197,-0.404589710403217
0.07324461289544079,0.2760285992418611
-0.33888729489149816,0.27820764484760774
-0.38801931194257744,0.013748993095424433
1.1865985674179855,0.201827158947806
0.7795110029843585,0.0073888793794533725
-0.01900802677889163,0.858095249266388
-1.352829771632865,-0.268675597811608
1.179325724944413,0.22928318272209758
-0.059455263046963504,-0.13874195051618882
0.11972780616211881,0.5305843651736815
2.0871010057481385,0.6338812531339031
0.5298969806335018,0.507432619942303
0.4528624504795513,0.411817997077005
-2.4107255972382426,-0.8776731197702908
1.8845944564338533,0.4952085564070198
0.09050164990612808,0.6189871799092922
1.2706540691763908,0.7418162547102283
-2.200555969993938,-0.7103648658707126
-0.8292543788697946,0.1834321314500879
0.9853055979985847,0.3076623738299061
-3.1458131606230917,-0.4198767273687565
1.4699639718168043,0.08620956583951456
3.125437251552516,0.5871940275365697
1.365133797665337,0.3962189612637793
-1.6999534460708925,-0.5741936691036439
1.9573956776273478,0.7343434566608775
-0.4033490183084204,0.39051851443415436
0.7291497248060921,-0.005089773284157995
-1.1241494537015808,-0.5273276514263951
-2.374722205856233,-0.533708831835106
1.6667969067931643,-0.09697757234948812
-1.0243454416789093,-0.03527962553749214
-1.3582874177782638,-0.5690621930631056
3.650590667207459,0.59311030113259
0.19727245622519798,0.046987323998810435
0.16269151266756743,0.2361564285877904
0.04867088026547453,-0.1049542573631311
1.356989536598201,-0.025127393094697137
-1.65920154854996,-0.631910678752385
-0.19620100397595258,-0.1356000431634662
-0.20143628193972485,-0.2989245633852428
0.6226171426541071,-0.1329947993891178
1.5865242390844378,0.37968624747305124
-0.1636676683346064,0.2593740051497561
-2.355195354567781,-0.18120806346177876
-0.7398257503940961,-0.6030356301815192
0.130147585460099,0.0035179408069978546
1.7078620466913517,0.6311068923888659
0.09434651986305832,-0.2251267999263608
-1.8253596036752242,-0.5268966203935812
1.3677959327415459,0.6748690130456432
0.016695784028550015,0.4832787942626494
0.09038315214899599,-0.06790530147282438
-0.04177880671425392,0.09435005566507126
0.8884680900837721,0.558539464912497
-0.15647838313306317,-0.02985185678408573
-1.8299026545741923,-0.8336998039888075
-0.4614093763632385,0.1731493460332022
1.9537647359795698,0.41568062582765075
1.8169320948337968,0.5476232775999907
-1.8899671051883393,-0.06692604139711211
2.0806718883447735,0.802062875659606
-1.4918803202413717,-0.6961846532536929
0.2701503521486585,-0.01904632094396179
-0.7885061889148279,-0.5098991108920696
-1.1499303329454011,-0.37809196585591176
-1.1451631556090405,-0.39472385550062566
-1.976563374543987,-0.513320078900531
0.3628846081971745,0.3623694371025893
-1.0954282031407085,-0.3269578020442342
-0.3565011452686884,-0.35367995985472156
1.4900690921490434,-0.019034474569156745
0.43780022764065313,0.12951437726573062
-1.44061311061824,-0.34856066597943236
-3.387763554633147,-1.1339049138943746
-1.9183712431429842,-0.16026896249021327
-1.9552299883622846,-1.2179912468729803
0.3142346256680351,0.6260825243703868
1.455026974885555,0.9367378369461659
1.1620065241019448,0.5668460473138427
-0.36060204066884083,-0.44169282473462096
-3.793910151493102,-1.2382548049662696
-1.377086139648572,-0.13005664213331092
0.4816747458735613,0.1060859249318489
-2.3481328455733177,-0.21889928320472607
-1.1827592291411464,0.08920595931906394
1.1008597699587155,0.5959285214933225
-0.37473727018388553,-0.3664176435888034
-1.8471623652161426,0.634410054509259
-0.2079888726830349,0.19218344673439988
-1.8925912431156544,-0.3187459131758025
-0.6008208866090843,-0.06191768623407182
1.576738025506831,0.2868044301144387
1.374951564988058,0.1966029508003706
0.7366143259891446,0.49428027678014197
-0.5637605936514971,0.15937161565441987
0.24871069169211898,-0.5909827057720127
0.05398477267340884,-0.0825286954595709
-0.5483499176512698,-0.6559678502604286
0.06297477257173859,-0.45439506922836415
0.0064183187062805125,0.44118593629151714
1.693957318531304,0.22858915170578997
0.19149310910963468,-0.3659056541190119
-1.3996497104382193,-0.18546530700292851
-0.16238771497415413,0.5320116840167086
-0.24683073273405706,0.27563904453075044
-0.07146115613322848,0.012533720147077959
-0.9752069237001164,-0.030035490510117946
0.3772653034220127,-0.00014918823661630443
-0.7755812720666939,-0.2302273049761644
-0.4430109547493385,-0.012039211746932788
-0.1142816958038655,-0.011023793246076968
-1.8639758621773095,-0.42881173002672135
1.644282418791503,0.5460524205878791
0.8870929307614017,0.9267363688845752
-0.15744300566577749,0.4215286382137109
-1.748734348961806,0.21566595866216987
0.25298015803070106,0.3760298144864571
-1.0623461657896374,-0.3079349132027883
-0.6241770653376788,0.14445798510499633
-0.5400089253674217,-0.7919091505217746
-1.1719938569133141,-0.7268252300991915
1.6506784821048108,0.5895073940363723
-0.1603272870284027,0.20013430682517283
0.6635796128691326,0.01796782892763421
1.1688545793792018,0.33347096802228104
1.6482524992914802,0.14216757786222334
0.8342478529745126,0.2750548078377269
0.1408253081083308,0.015818426106740648
-1.271645136844763,-0.4918293230310902
0.5934663963490941,0.10883401130455433
0.7025918258133911,-0.369273622536561
-0.29077154695354707,-0.4035949238454695
0.5863687480916572,-0.04349190900802577
