-0.051968094240988125,-0.6606050535740368
-2.0880853218167585,2.702658457856658
-0.6380700717468575,0.4593059212771485
-1.3134758563491855,1.042113385216982
-0.08983564422584427,0.09513728155062054
-0.7183894137187019,0.32531299906385885
0.024697573749651768,-0.29919941595480426
0.33833821315092694,-0.23366088175440922
0.23788754543292936,0.47784891682098685
0.18854109091670662,-0.972820996105602
-1.1982980052668315,1.666317475060675
-1.0134185553061639,1.4202246774686837
-1.3111499752253886,0.508722684587304
-1.2246607358509496,1.147289443881397
0.9426790513319757,-0.5032387908330277
-1.3846747221585065,0.9760187320855729
-0.6823939250060816,0.7540211989220756
-1.0185378690381917,1.0459640052926567
0.12134320747094741,-0.711107757878211
-1.1492055944900503,0.8163668256409976
-0.34857674507388686,0.3780391627746766
0.019496722570316125,-0.4009921419707988
-2.423924701935967,1.6467141877001847
-0.09609102278496595,-0.04710682828973811
0.7502287539157363,-0.45478737544375963
-0.37471767333413325,-0.19327745666806653
0.022048119853980044,-0.6769868831711187
0.017681056940321873,0.4219995738022789
-1.0810283565690464,1.03101163959708
0.5520635999212803,-0.41307173123870816
0.05615786357511493,-0.5052941410030998
-0.7361144522868409,0.9234814106165434
-0.6710279612139128,0.6043774556541092
1.0298928247401475,-1.2369922138160891
-1.0485531267288002,0.5331776090890554
-0.7512022212525684,0.3806412302315405
-0.2071959551144411,-0.22140161783420922
-0.7038875560172906,0.6033930304454069
-0.07624934564797231,0.014324775581626663
-0.5951752315406467,-0.10204077642316962
1.153503257883609,-0.4384404829554138
-0.23652696822628905,0.7375860406778056
0.8707343719988018,-0.49768241384842404
-0.6710337644113965,1.1583905212462222
1.3572637825010454,-0.5500136036768285
-0.7908039457350106,0.6286385617912384
1.5998954958670635,-1.798608847245068
0.6449353857817818,0.2670362748851825
-2.115005244569393,2.162356803773601
-1.5200949854952666,0.7811184671003338
-0.1492826217375019,1.109785503522591
-1.2039643496297798,0.8827567691982543
-0.6244417222115036,0.6888985076319174
-1.1724452088260366,1.2878791305393809
-0.7080358001566003,0.6231023111953549
0.44828163825142775,-1.4470803879434118
-1.033437027867164,1.6573121810270355
0.3770580744210088,-0.06638241947171597
-0.380645336907464,-0.6700736130218354
-0.33104448879723736,0.21154595253086955
-0.2366375787876455,0.145121115732392
-0.3903276522342277,0.7409402697883578
1.4159045189278987,-0.9969183219838159
-0.8960991067295613,0.5759433992081359
1.1097701990716298,-1.3043745725703082
0.597051406564168,0.14781591306521205
0.1272056754651305,1.0105759501951792
0.9653906932501024,-0.8953047388920546
1.3608040088129432,-0.9169879561607325
0.44593492225833187,-0.27037469649741164
-0.98533366222656,0.9143330908604408
0.3280022652531124,-0.11436666707600843
0.03292711765860349,0.5789414098197443
0.42103079550624584,0.35703918577709876
-1.8261099981379874,1.7512801906565745
-0.3827767049027504,0.5221503035634153
-0.9741640896630707,1.287816516806244
0.8101166375083348,0.22055776306588376
1.0488797178851588,-1.074776615399761
-0.28716532114802784,0.0061281403479843295
-0.23016887475176293,0.4809940854668989
0.9251919564720269,-0.9764510963756267
-0.5221576949664173,1.098233418577962
-1.4862588617906018,0.8305926358203984
-0.0653686421384807,0.09085191363901363
-0.40368596319054756,0.7743996435932397
-0.6645220203368278,-0.08889820522872645
0.276881046891537,-0.3407443525141023
-0.44515748693094576,0.7246579425011148
-0.19082358564391405,-0.21691024879109785
-0.901954409449743,1.2658733723240774
-0.26444360559632546,-0.2773172533010569
1.2947578449129122,-1.2142274854312674
-0.7674079940574681,0.3533921915263248
0.3333573699861793,-0.16716239401024333
1.312913162348563,-0.2802663882309388
1.518899597223222,-1.9543672639425984
0.32540583796760825,-1.0441935221587237
-1.601521760507793,1.4813597539715142
1.0379819809635646,-1.911105095319944
1.7933772722577221,-1.5235942238640319
1.701608491391102,-2.013815460962446
0.7746237041880328,-0.5078903644009257
-1.013442207960311,0.887718568131522
-0.7203859578914694,-0.16754822764737826
-1.9444161081222986,2.3737506826695576
-0.2006807309631349,0.10707875438842115
-0.16561557144308217,-0.5394874374280356
0.2775934706995644,-0.28955310231935855
-1.3064671043489569,1.3762736219057308
-0.5088745419105157,0.8433173715993787
0.06686512972486787,0.1689851510984293
-0.9737770674605194,1.6469822956996563
-0.10581538362022903,0.7819175294780913
2.6977598432906125,-2.369111329590158
-0.6908969741441069,-0.10015264166270134
1.1041896416905597,-0.6965449804332926
-0.42310110574522136,0.8649157839169848
2.3096994404836213,-2.886013897431233
0.3856258741096586,0.18568346896869975
0.6746081736735038,-0.6248688567117895
-1.1623421293225127,0.9774875333695437
-0.533420917707507,-0.4001932631147615
-0.8445066928354731,1.1795545420973852
-0.324883159925421,0.5825912061881078
0.05505295541194943,-0.05775701808163985
-1.2204754307032148,0.6388257718407071
-0.18540877786506538,0.44150596378696416
1.3809874612898234,-0.636350894624874
-1.7143990717717916,1.9191980837138738
-0.9538671176359453,1.1325694207547363
1.5805721068829983,-1.666732362067014
-0.10593604645382064,0.01635246146668129
0.7730951938685908,-0.5352416900269712
2.303061141618144,-2.2698220411475174
-0.8052027511658343,1.1175470536980814
-0.6364601223868919,0.5593185276345338
1.6079161716554582,-1.1304922945209754
-1.422544485870647,1.3915419860229348
-1.0833677765189187,1.681173732560346
-2.8812550984768173,1.733586000861756
-0.7657380154777286,0.4118112412731287
-1.963998469169086,1.3898545270860132
-1.299558691221306,1.0335898690565908
-0.32126302719696875,0.29809458063942046
-1.2462216910258208,1.073592731756902
0.8925242441868333,-0.5220186684338435
0.26744116425618925,-0.28970971170772775
-0.227540985867025,0.32632189009443413
1.2336875537168184,-1.5339727130691354
-0.5008308082070354,0.8017616862750983
1.7488138760000622,-1.3828843176764565
1.71801888803537,-1.795426404576208
0.27468484928790754,-0.4916709884872358
1.7641502074831006,-2.1515267164801015
-0.4586568726407398,-0.44373069162817963
1.0578523987878066,-0.4961029352965046
0.4859047059117282,-0.42179663292576597
0.6954436964716374,-0.6943399970270544
1.8363714695968008,-2.245058739517958
-1.1452094720267951,1.0039446975001534
0.5670345270874289,-0.8015821215981911
-0.24385977264303924,0.3449145585900446
-0.734831998028722,1.2034619858185969
-1.153188967096059,0.724194489731647
-0.5353077849362805,0.5912973726870134
1.133797150239571,-0.8917434159063389
0.6534796422988403,-0.8247171465309846
-0.17090315715822055,-0.2584702846283049
-0.5914503748918194,0.16444699187826597
1.0851533197523269,-0.8822422977315838
-0.2083136294046946,0.1228804245695008
0.9263472607733805,-1.109189397549111
-0.25907054041984073,-0.7297697744458945
0.6003800939674943,-1.375597652664396
1.2582837570355008,-1.2319087511872473
1.1384205431655563,-1.2660556033431871
-1.0365965887664776,1.329913840270183
-0.30201850291707394,0.9399874868405711
-2.433660883849391,1.8497844917537158
0.31949164708146527,0.03911070854353622
-0.9052770105667577,0.6618051831897727
-2.234163009827625,2.6537430483536206
-0.8418125862426211,0.8531238175155499
0.14988473552152334,0.016864124297581013
-1.9200594811527412,1.7570019922330489
1.0320149754593309,-0.8036752617034154
-0.17429660364859983,-0.20996538428787362
-0.3424861216564797,0.34381870944482695
0.26041999079180456,0.3672799883600718
0.8211699987380279,-0.8766459791952831
-0.028946187212236192,-0.13854041859667648
0.8666858560194414,-0.8546588763852861
-0.6483326612955651,0.8817151616498424
0.6389539284734809,-0.3595632024657957
2.2201526809866197,-1.9318281983547843
0.4551097664172722,-0.2026546176960255
0.09005759835612921,-0.6333048406087416
1.062154404848458,0.6084102271125923
-0.204114799451119,0.17374780912000384
-0.8313204506975113,0.46116705754252213
1.445366713660763,-1.5922051975277693
0.42081322983756164,-0.5685569579238219
-0.9098767498817937,0.9880476950707349
0.6047071567280351,-1.032681102544566
-0.5807788658051626,0.323808061274612
-0.4238236094614681,0.7393472667180097
-0.8425855367656292,0.6820805422479748
0.6959835055264272,-0.10374677924576896
1.6981151649073716,-1.9511925027871162
1.1310654820965773,-0.9396789476496406
1.7977967149271714,-1.2153300401678928
0.43800123060774176,0.12343922829176793
-2.3461781008702713,2.785428288834043
1.8159389516820785,-1.1814804884105985
-0.19687327347956157,-0.28625364055727975
-0.2376051746144899,0.13807020360806044
-0.1735801710726694,0.3051522031851298
1.76559508273829,-1.6255352337596285
-1.38601761890044,0.8763110315180512
1.4459372799633707,-2.0585784817135773
-0.7406726242224091,1.0729254921055227
1.8707570577035273,-1.3545156911839322
-0.32022260728020085,0.22380937287347677
-0.11658247276701252,0.14421723127036018
0.07119570652524748,-0.5379345301079748
0.8956003683236247,-0.8870435972860626
0.10378650403468143,-0.11642517615936643
-0.1899938734514145,-0.13162024350373758
1.5027792235553004,-1.2438480596905153
-0.17276321834459998,0.3470326676376079
-1.3443531411184653,1.0224638407898363
-0.007276136313023064,0.5264794979474172
0.5252554258609132,-0.29942440772199613
-0.4050775777050399,0.9714442715107627
-0.17667657300220074,0.0960117886923558
1.2744645492436184,-1.1302518766295901
1.5312594747698365,-0.9601063353650897
-0.2794995766419775,0.08404291675518537
0.5344520485377323,-0.5538873031727374
0.48868214726522075,0.17873061370787763
-0.1945239142623471,-0.06540985441423665
0.7346497276069153,-0.3469339592018888
-0.7649991387998587,0.6518474186375341
-0.08466519337977337,0.7107896231334973
-0.7335464352995695,0.519264263731548
1.294413365314063,-1.324619446691517
-0.5315280659088669,0.5823956098738614
1.879127532733805,-1.4415163734268006
0.8836627339529729,-1.3119933458428958
-0.2777351094185145,0.6078727436434433
-1.835484089875129,0.5895661647356862
-0.25888673763931425,0.024969915392956888
-0.7882505016200937,0.31415154592647737
0.48373849178173256,0.28297773642177415
0.7264853759089588,-0.6400932967253273
0.35815589313054436,-0.043164080906011724
1.6080778225465204,-1.6494249706649964
1.291741375606703,-1.7612454341984205
-0.07811350499570188,-0.5013087639232932
0.18135127942071297,-0.35785754403715836
-0.8506107629652916,0.8593170501929286
-0.3639653827805306,2.0760093721800903
0.8959951520319035,-0.6208709731309983
-0.49741761616080205,0.7287330274602435
1.4350266398186704,-2.2826586535899778
-0.9515529212196865,0.5280618071311949
0.4465316996371138,-0.17067428975752993
2.2760708757861603,-2.119301570946403
-0.4283843518103169,-0.23580678571724709
-0.750511203414885,1.0463963515508685
0.25275952617555225,0.2986534891279761
-0.9279505662482893,0.4195223733586601
-2.27025698783725,1.3564705947552607
1.2493913443972686,-1.181808013702864
0.01623050796096887,0.9656981318010671
0.19566882376477235,0.19971243067135233
-0.9597521352400351,0.6550352227851388
0.7446518560414189,-1.1686801156146687
-0.6824514012833115,0.9083726202355633
1.571250136640308,-1.0731500050112983
-1.200042654121006,0.7251865887852628
1.827268491950411,-1.3757014220865382
-1.757514091365607,0.9871798917468991
-0.25276332633233184,0.7736586316289207
1.3593513030677027,-1.3648329893198645
-0.2100976911193904,0.3928978094475113
1.2923514909052956,-0.6744920615695739
0.5060653524841005,-1.3544520752050202
1.3573227842596303,-0.7416001536911075
0.9151483107219461,-0.7305043886415149
0.20594176345161064,-0.03686978724125127
1.6934348315310082,-2.255121623511857
1.0795671900185941,-0.9028736501966389
1.1925835449915656,-0.4749118768248511
-1.2405069989872686,1.457505942059834
-1.1109240307752544,0.33468988435639485
1.0550433335754354,-0.9794727577760427
0.2757818470603108,-0.40344819447076374
-0.2872119859345117,0.20645881029408483
-0.5742496612384254,0.8766535583049707
0.8074202592793045,-1.0900334095531572
0.3308157389886384,-0.8022183094081142
-0.6075854279503364,0.9704852037928067
-0.07236825179300233,0.5434612099862194
1.2701383033674232,-0.8070607955611065
0.6283841873604866,-0.7050503202863174
-0.8420392315205224,1.4166492750031188
0.3594363963167045,-0.7343692205275152
-0.4052143251238267,0.24095885779862072
0.5594140143034423,-0.3287509593034092
-1.0823589248165872,0.8043201401740027
0.9309528401563253,-1.260333309757634
0.2575190355969049,-0.0667554791850104
-0.37505027712917477,0.03794622505438638
-0.7814314066861806,0.7331840583103066
-0.21570886757496022,0.17851251459318318
0.8860087464173565,-0.35474106435743696
1.5704836881395783,-1.6972602932384921
-1.6888994526277235,1.2273012963966834
-1.0577155480189786,1.1901668099595035
-0.10811759697856153,-0.022271885177835196
0.4514324924539209,-0.0024651950469137263
-0.22409316674956606,1.4388540992189434
0.2375923652806432,-0.20436949860869383
1.2510810811267268,-0.918855911886303
-0.8975484192291037,0.6495813517563105
1.2657913217040533,-1.2317594181800302
-0.4587926001393743,0.44982055229596635
1.1224555765794242,-0.8347030884396747
-0.17993032042845356,-0.597047377518819
-0.9104427099255958,0.9880972643180757
2.273322311965408,-1.645576827007378
0.033113560585993664,0.5894363668836886
-0.24002121470599166,0.7142632807093154
-0.7973172182771355,1.4643684683113276
0.7839801261735191,-0.8848137772470528
-0.5755769040986959,0.7104186544080324
-2.4937430704924273,1.9837247717591997
-0.9509381048398535,0.7669333378477681
0.5110759089404499,-0.5459572075422168
-0.1832672754247957,-0.29712281242555344
-2.0354274579521277,1.2754019089784978
0.3415930396320823,0.11297364149633807
-1.3599285942362827,1.8801318681404198
-0.25305402345090955,0.5992479414741346
-1.040426521547361,1.9568091852486025
-0.5967274801730159,0.2942381724541234
0.14632591193027297,-0.46646996679563724
0.8024377746404188,-0.5331492996764594
0.10095257065962576,0.07305362957211259
0.9975452674169434,-0.7073993326058807
0.03865479385689478,0.052716563601889484
-0.061750858398305304,0.7891583825988329
1.4334395899612289,-1.9219400229187522
-2.192823333917969,2.0521337280428984
0.7216411504988745,-0.315053612227526
-2.295101288661395,2.4564566991073087
0.7668554162001275,-0.3036009498987085
0.3978732078937439,0.33025398281531093
2.353980493178636,-1.9297430142755747
0.18569727381662945,-0.40649971533263435
0.8543349474601013,-1.1772004999025325
-0.5489630025678515,-0.34605741247700084
-1.6259604490167594,1.0631537732286835
1.340052257021078,-1.5658590098118412
0.15884668605684238,-0.9934211512920911
1.0735609914288922,-0.634568756146915
-0.7242379065979956,0.8440417552783374
-0.4759582111697521,-0.103812253535455
-0.24629053453360156,0.2455649991357836
0.250372005411159,-0.3075293271451696
1.9118865758712205,-1.4205322191712824
-0.21677983502519996,1.4656989022051818
-2.053675234636147,2.982693784004551
1.8445613726091488,-2.9391778604941794
-0.33984338848373413,0.40356806380889565
0.8000020167897454,-0.8940180474578333
-0.22116410539957365,-0.7278141168191212
-0.8902798920398854,0.6657643321659789
-0.24468485720982647,-0.10642805615071585
-0.18496791103250979,-0.6035473374803348
0.1571282104734759,-0.39000961634899267
0.5225902193617288,0.08814900947300033
-0.8772531193360095,0.10057490223732946
-0.852859748209446,0.7619012503373305
0.2224395149351124,-0.37664037872671363
0.2809490804519837,0.8219723616715173
0.673999387544159,-0.9771945739964691
-0.6113636307728109,1.213093671837859
0.03323840153409843,0.22083688114306954
-1.3708775276735343,1.3020769800830816
0.0857912283232975,0.49037157574894125
-0.4306314589214174,-0.5268557485702342
-0.35992388299070316,0.6744035220346322
0.3251918603621466,-0.45025509132538777
1.294734696466485,-1.3659200086717955
1.0552608391666498,-0.9403185976879634
1.5353542801223716,-1.1494727541419367
1.1475478772777084,-0.39786214951169324
-1.0311044463508336,0.9110489111275789
1.5618141253841769,-0.44890922422155644
-1.0668014017887084,0.9107920392756158
-1.496302784148475,1.0898933370854458
-0.6283403556812002,0.3140730832063466
-2.3243043189404333,1.8347452951573031
-1.4375723578761268,1.6139562661620523
-1.1720658213898432,0.46133510968612235
1.2036355575618514,-1.548148954246548
0.6172003349759074,-0.8272753309472494
-1.772121580382326,1.487838559489331
0.6316242804458646,-0.22986326942542193
-0.5465557778697864,0.611732458398311
0.49626569739985005,-0.04672386717134719
0.07213972571913146,-0.4250103275292927
1.5410075720815155,-1.7327859417707072
0.06102713411195799,-0.39406168828777927
-0.6756784505478601,0.027790400130752277
0.6735596489331455,-0.6019860535446501
1.3680371292973323,-0.9937209772015466
-0.7872355525799898,0.5173436836915317
-0.42911375421180376,0.28678136040175917
-0.5066101881144154,0.09932380381233274
-0.21710265362830033,0.1261488076412286
-1.3692830882520817,0.9386843995667089
0.564727247561337,-0.8047236953038629
-1.2316100656629765,1.0343223278443578
-1.3127471513771019,0.4495123577751348
0.8011020932212646,0.2790759056437053
0.4936110784937495,-0.5495145890712713
-1.254641006968979,0.7664150714609869
0.474946847383926,-0.37328540019531664
0.7802214839301627,-1.1844624306173508
-1.32653975391835,1.4114584880900587
-0.3542421820633188,-0.03601709772206039
1.3161459990003754,-0.6042196737506197
-1.6110392294431937,1.1576467782059745
-0.41634486109423324,0.6272026998983444
1.74816021365961,-2.411693935113587
-0.9549894460916455,0.13470141487647513
-1.2169169762586995,1.1436238479857959
1.0285033193272322,-1.8282271255712024
-1.100191559342145,1.5762154004888203
-0.07837668948422793,0.11232890992542352
-0.2991438820045086,-0.7223187121927553
0.6477334723575805,0.17460016041957102
-0.6868284624849798,0.9491436562381993
0.007927042771727018,0.01927200505998211
-0.29750402667601705,0.29669009987767575
3.618693727156989,-2.7668558339042195
0.42910379735221127,-0.3422152126611846
-0.7223208960388969,-0.2706088567680473
-0.5983716463022977,0.3073652498921467
-0.4208328824932823,0.5219549986298109
-1.034125545312614,0.6316244836211173
0.1282657456053821,-0.1597402243725829
-0.4704210460298341,0.9641452743773233
0.6774000555322729,-0.1031717086424717
0.08838269503499932,-0.5533796674746182
0.9820577820342871,-0.06515812816319339
0.33875779011229107,-0.5215038599602914
0.6531577594420435,0.11713218889732376
0.6777405388604393,-0.7167791333250632
0.5377270526200087,-0.7771103441644649
0.3415473495718534,-0.23729787497503427
1.4246453900413896,-1.0042938238448356
0.6568956024512219,-1.1687589003102463
-0.4148649483862536,0.3952329559234157
1.6181437321418508,-0.9928395376628446
-2.5563904967628073,2.3298294728219298
-0.13123762384990725,0.667554475569963
0.41719172541153016,-0.31657304635813593
1.3324952307017721,-1.6572254894452243
1.8493841805100248,-1.9060251065312022
-2.0613513479311187,1.8966004116229438
0.4388859473939287,0.6998140241502383
0.6990285841593555,-0.1588316885931083
-0.4514085367450443,0.849052712903524
-0.012010026142545593,-0.46263200445607233
0.6179186970966669,-0.4559411086966865
-0.3693884888450635,0.34184045871829427
1.5384585273636546,-1.7689491726140678
-1.2231748057733245,1.5612478405875254
-1.212930510226619,1.3750926585363894
-0.7565259267299406,0.5701358504014745
-0.11490127229773522,0.9091228686974111
1.6293478917297086,-1.8804170740142632
0.44344043131577054,0.05857667059308161
-1.562683465004566,1.7565750913421256
-0.9807019833451036,0.8171220087530581
0.6586983195450498,-0.25590000809146624
-0.4740287388314346,0.2953894728545611
0.0018456864293964193,0.43569727586017715
1.1423601686780374,-0.40400915036331736
0.5350504233371857,-1.1444562309695234
0.41200036240041843,-0.3504258564537189
1.2431297494529387,-0.994415457023758
0.7720718164948175,-0.6465723877846954
-0.20175775606839977,0.31715832999121574
-0.8737275548321486,0.5093162237404947
0.6278463649125543,0.03159367987591245
0.5671491451055652,-1.057172644476016
-0.14488803034537281,0.5387498360139783
-0.803001237501245,-0.19863118877833097
2.251900596941312,-2.5797784623658737
0.4205552392200511,-0.008185019688851184
-3.5044144228144263,3.955396047656323
-1.3977130129583153,1.469313336140049
-0.1463228232612484,-0.08505703334714508
-1.0771758216823317,0.4127470016581021
1.5687176501487976,-0.6646447431548269
0.0317436225003101,0.8545214352717108
1.690458647813409,-1.8048958375685242
-0.46119491212502167,0.388318649326905
0.06927287034455512,-0.3480314521779588
0.8271175097996106,0.0742435350825787
-1.0950818627634717,1.4234239105214057
0.35076748554619647,-1.107288619153668
-1.1376059127495879,0.4875385845570951
0.8650604156678893,-0.781412843391515
0.4682743194128941,-0.8027843932018334
-0.000537841368485863,-0.20955814321956245
-0.7830590641795915,-0.0063126247465589225
-0.6988186162210042,0.10201804033029592
0.23218478684247654,-0.5920649111239247
1.2983064015036794,-0.9023787507163136
0.15096606466824067,-0.2723728741190601
-0.8776079859957685,0.34346611377364594
1.5650095592659818,-1.5069599096620627
0.18801033160118638,-0.2801724985324954
2.531115303731907,-1.4252573276972271
1.2064804072892352,-1.1852947718679352
1.1826551854920941,-0.771273550123833
0.2975952205253392,-0.7005707557349807
-0.5105039717545893,0.40260011027884984
1.38059229375677,-1.9503314397961162
-0.9212554789986132,1.1849836583960747
-1.0815143740546607,0.9699402051180345
-0.0028331543745641636,0.42202135002615426
0.08795528537463801,-0.126663188698124
-0.318447014267159,0.5434276715009168
-0.12005418983929489,0.8157899820883769
-0.7936983767366982,1.051803085067899
1.675955174791213,-1.6831304839267127
-0.18911668146796526,1.2553973410648473
-2.2238193233816133,1.9779584519206295
0.741919528589892,-0.6792178269717837
0.17330242641714522,0.950500148820034
1.084891565745961,-0.485941292598472
0.10262020751107595,-1.3258832040837325
-0.7382617871876359,0.9990151710474862
0.15670509418989467,-0.3712460168051272
1.2196015976304089,-1.4431712491885165
-1.174360560894349,1.3665470989606077
-0.24702156612411957,0.35733992141595344
0.33653925195049766,-0.8586711395406099
0.8952851931537459,-1.0313885492253678
1.455584142470792,-1.4196176530610976
0.8872699608360646,-0.46436682178126826
2.3185465282489863,-2.6333857186203358
-1.0384265214617754,0.583786112899693
0.5869884635853718,-0.9244337648041855
-1.4059516272083301,1.387594362474647
-0.5763815532290261,0.01447431752107501
2.097918088958078,-2.1066936578408955
0.06251841296179776,-0.26770097165185786
2.0303676352179796,-1.6884149645346447
-0.5844450646254693,0.707513838815171
0.8345192355674378,-1.4891270638429324
0.2897995876044779,-0.038798638093524455
-0.5205328178076909,0.5315162644394159
0.18113579022813794,-0.4098505840240937
1.023141160190898,-1.1909329542766391
0.5079788945773779,-1.1316317910016263
0.8644769854470518,-0.8589501753002748
-0.9434777164576827,0.5380616726154684
-0.9380328630616547,1.0685276438478628
-1.2497572347029464,0.5654711200544195
-0.3239080918727712,-0.017771863702447495
-0.1518088210877192,-0.7768763724895447
0.9111243439577482,-0.08224759250016977
1.1831444117445722,-2.006335031418771
0.8660756850912809,-0.1696655737468597
1.4995306605743823,-0.9597767411251468
-0.23109369118909442,0.21887584157548373
-0.2898169010388263,0.7079550596890238
1.1075553468872499,-0.4084908931231076
-0.9552640755793572,1.0918280269039191
-1.249151066108932,0.5165363950008403
-1.1141568246572255,1.1635368308301228
0.5502103296199851,-0.3773883824246039
1.0029206723003214,-1.252830609400171
1.2272871910636045,-1.2946440344203791
-0.437215586975125,0.46346971932527303
-0.6827699317058655,-0.17004422998967306
-1.9082926952222066,1.8941658699057318
1.2092140368013875,-1.1505760807030587
0.07065455130842574,-0.5598819296695151
0.9090651754302033,-0.21174121245058597
-0.6918730738588323,0.4179599640152271
-1.8679284821316255,2.3958107363751537
0.1574976365631113,0.04482332237839379
-0.7220470991090223,1.1760717204945734
1.641600287374978,-1.3208716424277243
0.550765357195597,-0.7780863215584775
0.35262093853950893,-0.05993592987674159
1.070763601824346,-0.6893238277720025
-1.0214653605824342,1.6739466672588756
0.3160036059215062,0.3695876341379718
0.46262971542583864,0.16399148599706195
-0.5695763650161986,0.804300932777236
-0.8119785418008739,0.8240417245764423
-0.1490879952386842,0.169742988761011
0.9409025837491729,-1.0402045161116755
0.5894030281747595,-0.02760467056169006
1.3251635825783667,-1.6862730475376737
0.30005343101565995,-1.0942944734120983
-1.0187600765283606,1.3214362216808544
-0.8101642395440307,-0.128812853541945
-2.130701998900223,1.312866483005586
-1.2838307604342618,1.1774674564742664
0.7753067387012654,-0.5459327982167392
2.602793509863652,-1.7617517908644593
0.7000299579950969,-0.8085193332496807
-0.6582069804879066,1.30445416789448
-0.43722197004466107,-0.10234590443542452
0.4110149127699586,-0.323265972797702
0.089538408447386,0.3294406647349619
1.6179075336774786,-0.9729667721550198
-0.13396695105890202,1.2067406381965256
0.18466658750542397,-0.30087006145108847
1.627925256529795,-1.5486410369401538
-0.02348020887552643,0.8897567715399836
-1.8550719706219936,1.5441135609239403
-1.6660014277115625,1.2473441077414211
1.445665113864194,-1.4575081564080505
0.37687915767469465,-0.6274151224576934
-0.6760090446668054,-0.17649999841503825
0.3622313282053366,-0.4046231547739088
1.6686054677742996,-0.5306973386857228
-0.8455874320558643,1.1656544644641524
-0.6206085336383611,0.5735106942311486
-0.6899332788502744,0.19687333531948598
-0.14964770513979764,0.5565658100624442
-0.13307019204072948,-0.5677669673863758
-2.3975804854996925,1.9920065975925663
2.2911261117971167,-1.420687213214277
0.39860035158048274,-0.5563895252828374
0.3639333757638347,-0.05995901606725242
1.7160741646520885,-1.217407719208228
-0.5668991550248715,1.0765287790438116
0.5231868466271417,0.48644212110254864
0.3630657342949807,-0.08164472915816601
-0.4967645732190525,0.251029615468018
0.17976015602593837,-0.7723514839592928
0.2561751369812278,-0.5945177149226335
-1.351793528190773,0.8759113893562089
-1.3143545105029366,0.9300113767328994
-1.2029746526473226,0.5126267050377362
-0.657328886364672,0.22208133959848508
-0.38672001782450854,0.6385242616373669
0.09080492559546363,0.2480394641833958
0.5009659637261247,-0.5042685966174116
0.6573329859228301,-0.2013197960727331
-0.10153190429552426,0.06787999823174387
0.5146821909762995,0.45738248990660585
-1.0220340463236135,0.6078167760253418
0.06731754475924386,0.0827799659240445
0.2089954373024666,0.4503677145096731
-1.1594954455179216,0.8676816771113766
0.6356980990472049,-0.41633504278267
-0.334042865607064,0.0401589449932268
1.0035778945369367,-1.5555056727187577
-1.7316305260058846,1.3558036590355589
-0.004513127186544309,0.06837583003704223
1.0579128739233914,-1.329682523580305
-0.25010292930452,-0.24924334323475583
0.8609905833480945,-0.32626996647049483
0.38490253592033796,-0.037022786849649596
-0.8932894170164408,0.5506772767508061
-0.0006544517658574215,0.19326750879914206
-0.847799572013263,0.7480299468389345
0.7799211484190377,-1.1095005973981342
-0.10124186373835659,-0.36276165850623565
-0.2858619262454458,0.03784590213160822
0.34221137410813895,-0.464139114016835
-1.3753808831718193,1.0997636475792878
0.25941922186563404,-0.33640460912866466
-1.6083203368538084,1.0273405860637772
0.2719229897722275,-0.42958391943265006
0.39314628643812993,-0.6867424449541825
1.4219638691578267,-1.3944198636148553
0.09172121805969463,0.27784812830886046
-2.1433461064242665,1.647016493100392
-0.37733905457088324,-0.18779743081365063
0.21365305176417143,-0.06036973028796605
0.13965735661445,0.47570940017792984
-0.3316590478373031,-0.1477476958581397
-0.04203203605723364,-0.19026876517990696
-0.6786259619561665,0.845286171441344
-0.1553211908977823,0.07882387552040622
-0.13557944159907195,0.24575020125454672
0.9734909722395099,-1.3538899552353447
0.7586215927927966,-0.6374773629098892
0.6960850635106531,-0.5371120832491942
-1.3312538835249483,1.0045214083197938
-0.5080138363111188,0.10091611184568863
0.9764878509388466,-0.8881714521406986
-0.17895027293776303,0.3912580183103246
0.1732748645632703,0.11812681895897235
0.34976925038148066,-0.8530072909965394
-0.3280120411297555,0.5007690557450116
-1.3645746687599964,1.5583533185544935
1.433361415471213,-1.3616474725736056
0.4927061344363151,-1.2017154952142768
-0.9807822456862512,0.17521516650129937
-0.2698413054455746,0.18338289343646633
-1.575414717446973,1.3705762686981056
-0.02818153679088131,0.005616157714620939
-0.8543251920513016,0.6925896947874381
0.3134258798993004,-0.40401949854919256
2.265444669681474,-1.7986100249258765
-0.7588910879460308,0.9255589281368756
0.41665782598835777,-0.03948566792593469
-0.23987543160724628,-0.1999915261181601
-0.17845161104384483,0.697618272673707
0.29431183580119974,0.14022587292649444
1.2507182912558321,-2.2697594718587624
0.572924462168017,-0.5059084548102178
-0.9018414406949726,1.0338165246217497
0.7296490961549617,-0.6874310305230236
-2.0084284602708786,1.0340609691527318
0.08382530410457292,0.15631778502757943
0.982795812752717,-0.3341809943399549
-0.24295367411300445,0.04051274048903236
-1.0330128449616276,1.5045903524484614
-0.2525548124249271,0.9467470414672936
1.2877707435788206,-1.9703924277643075
-0.04210370103194545,-0.9661748790748054
0.892103799979501,-0.9695019164087676
1.006648936506385,-1.1960726234589596
0.22016083647729792,-0.5113274042408357
-0.13745442556766144,0.12932563015856327
-0.0478181476668411,0.04646348702106788
-0.04730187569309303,0.7633345874644012
0.2679593057764283,-0.22650393918232528
2.3438459847675053,-2.0553174610782956
0.2656842246998546,-0.13915806401549904
-1.46517518035495,0.9839626090289325
0.5113383674375214,0.0009515997385333394
-0.039261202799801984,-0.18341495543671316
1.3932060365310097,-0.7031375087713705
1.5321539484686528,-1.6205511386856628
1.2398783899367405,-0.9123317198148896
1.3277669995958046,-1.7629820285903708
0.9440408235903224,-0.8855994576767606
-0.06174316686397637,0.11951206322955552
-0.46106209979828283,0.23870681005320862
-0.6796776091102017,-0.07265222061500921
-0.7833594660223829,0.7219111949975545
0.43889714139242225,-0.48264213675862067
0.533664053836929,0.15377692826807354
-1.3243172894318995,1.3277140596363919
0.8005226746533467,-0.5601676830537123
-0.8503847797520001,0.4955258457641471
-0.5139957124900321,0.6833566945078038
-0.08924898669782527,0.46484004418136216
1.0057036352939102,-0.9148349069095145
-0.9246625834061989,0.5785734429406576
-0.878627801741086,0.0990709902104035
1.3488404369126417,-1.2415623498684172
0.07296746948846038,0.12128882455237491
1.054891333899704,-0.6117882215258753
0.6186008328118335,-0.20871327040063975
0.8457081957992242,-1.4746705602984995
-1.55683115100882,1.4950449163565822
0.9206243087205985,-1.0332539353649206
-0.27401443199230696,0.33393223417033563
1.016674592268713,-1.2086533101265458
-1.0433127057491873,1.364100655147517
-0.6415543576995899,0.26313481395935956
0.8827946329822346,-1.385680336702182
-1.0708975205108695,1.0345750363328017
-1.3516611260537164,1.312457466405727
-0.8355900170057012,1.366342589553135
0.5667903577699953,-0.28538211195518504
-0.41432539457405404,0.333624579192883
0.42786582881697066,-0.4198171126338052
-1.5858809119374269,1.7576341290880395
1.418573203560211,-1.2531675809790477
-0.7168411701453259,0.06159832198353819
0.4467766025996762,-0.6314855747885478
-1.3095513288323295,0.9932068577524918
-1.43505557188207,-0.03288716649033365
-0.8388907832008019,0.5574215228348502
-0.4328155139247331,0.4717588125618233
0.2319605159891144,-0.5903806502085878
1.2314503513926816,-1.5563183950423412
0.25669205527558053,-1.0789092782062215
-0.9323610937602766,0.6074473980428156
0.381011448593611,-0.7825926385090842
-0.25326967731129824,-0.2982178105447352
-0.16661450713909812,-0.5930010278756456
1.179435832210896,-0.9068000410079039
1.1976205935556767,-0.9031364205561533
0.9989361781643596,-1.0873432044802758
0.14441977521551075,-0.6977663983127393
-1.0742408475229757,0.8672253800747822
-0.828077211514065,1.3039363036995208
1.7763419629845867,-1.7366850441287016
-0.5801042249651482,0.78222445544739
0.3647210616496005,-0.1950659214057407
0.3730918823567648,0.639847696381558
-0.23472902215034655,0.3607911239366772
0.9772433889591895,-0.7670926168746052
0.7840118111647276,0.22786783197866112
-0.3832459157132807,-0.32533362664299426
-2.106045935696022,2.1052757475602992
0.7385458092062424,-0.34854741387946236
0.778517731655731,-0.36955587288996533
-0.20466352700070115,0.3158127274052638
0.8574200558552308,-1.4213531982096075
-1.6185782701413436,1.6818515078436924
-0.797609647462738,-0.3735724762740579
0.9446234251646906,-0.29703210379037503
0.10681655111355932,-0.759265762522799
0.5721984639562281,0.24233334921953908
-1.4489379425748505,1.592682097014737
1.448586895513349,-2.246825248171753
-1.255018299712596,1.596199968371839
1.9639519137049795,-1.6121931310954416
-1.2365662213496638,0.6796798096669036
1.351825218007408,-0.8492018545557259
-0.48121956670919036,1.0610838187928273
-0.7967360382753849,0.8205642540285553
1.125817920544497,-0.6324972942182344
-0.7059933794681341,0.7144252934271842
-0.24826656948602538,0.11335549058322233
-0.74723519650894,1.1062509513902712
-3.5773240838175466,3.6753368684120606
-0.16198269363424123,0.42180955096634287
-0.49532771231472256,1.1518083901516722
-0.3509245077334038,0.5911882308339329
1.9976743746806438,-1.8292756230536709
1.231610534982408,-0.6973071011310041
-1.3052964496675168,0.5461995634131073
-0.6735045074088808,0.5549336683393437
-0.13190759150180723,0.613219628573801
-0.4620296591074463,0.21472678294845113
0.3768706952370032,-0.512086086271692
1.5348853022584579,-1.6419507530651298
0.7256964573258906,-0.5117433559047767
1.691404429693957,-1.8538748198186856
0.6661630448726079,-0.3717194140764642
-0.8022640638083743,1.604914220928234
-1.1217655463447922,0.710878166165926
-1.7569432226276338,2.211694180743042
-0.6798604404170285,0.7890383068337223
1.3839862683930297,-1.4282806231974412
0.5161223609537999,-0.9141406021105345
-1.362802735670539,0.8334560685138477
-0.17714377084379307,-0.2466890242406909
-0.8508505034840602,0.8823812874281199
-0.5222653623595588,0.3865353827062043
-1.4213598831684149,1.36796786401057
-0.2753478280379153,-0.3322629928910265
0.2756700855622061,0.07458260416312147
0.07149124051931816,0.4325888288196297
-0.18210267867419425,0.3429090778489429
0.7680867305314324,-0.9267109240042944
0.3961544587402847,-0.6713818914242151
0.7336282713419864,0.4455090586995289
-0.9090947788982555,1.037247150324158
0.7882279233700921,-0.9066844457773123
-0.14988168524110476,-0.01788120707073779
0.5193634421723069,0.16160486091106666
1.5925077710707434,-1.4905418646749882
0.7043980298956795,-0.20518793664613186
0.5830760724440877,-0.18628138799686136
-1.9654500165589353,1.648913048876586
1.3711604182368247,-1.3845023968995327
0.5813094473713998,0.2311168620515335
1.2777587561074808,-0.72951057597371
-1.7154720047969312,1.5505549395289009
-0.2557703037287945,0.8098714240257716
0.7590962305246156,-0.6994684914428391
-1.9365304926707614,2.514415748974636
0.8096416599746485,-1.2299213593214677
2.0712435705734262,-2.4131110440104093
1.0257025847481838,-0.9841310677110182
-1.3472430271713975,1.1851060349964708
1.6146579273848707,-1.3279826537527002
0.13652444499392757,0.5445697536636839
0.3601669894394618,-0.6340070714865873
-1.0187538691040339,0.7098781588427703
-1.6495665095214351,1.7897153412849642
0.7494134121445818,-1.4919772504069475
-0.542725772790925,0.8694693619759806
-1.171966024415066,0.8917803129051909
2.3389439216307903,-2.864949106053748
0.13932844435141903,-0.14734929655856988
0.28586322275781584,-0.022816768656336046
-0.06655761297906425,-0.0946273474160172
0.6567338075482149,-1.1877511079110639
-1.376851474997213,1.1209553516665527
-0.2155335841218044,0.10211503210945351
-0.3595944066766543,0.02498665571106489
0.19613169648486228,-0.6056996620646954
1.1220800553214663,-1.184127171030374
0.14279064337370148,0.2714273611308131
-1.3345284636123733,1.9490549761999076
-0.8921570503214016,0.339190079124413
0.06812041883791956,-0.11095214484615304
1.4004856246578856,-1.163498472399563
-0.14779226787739602,-0.19426988292324204
-1.368985660266619,1.3173594776278483
1.2683516758952316,-0.8471115184243888
0.4268796049560426,0.22718042402650182
-0.013616140052608791,-0.11222675657155678
0.06082014169730066,0.0833565357868794
0.9279434106722755,-0.49016620400813943
-0.10409165789168463,0.12058832654430426
-1.6369565366715104,1.1678922833194274
-0.08075295586820375,0.48616691449150073
1.336872349817544,-1.484169581462679
1.382721717522188,-1.2996977122773494
-1.0029432046187976,1.6032965047114822
1.7349427699260047,-1.4008832744169097
-1.3488537555632447,0.9439139301082453
0.1185805782882267,-0.24348022827403118
-0.8358386778570447,0.42791683519545803
-0.9024024138707187,0.8068228979850592
-0.9144224641477999,0.7943784564850686
-1.4328299158724855,1.4550940550947236
0.49526344218449686,-0.13308257078982125
-0.8308678641061846,0.7851897509196771
-0.4845464026779934,0.13189906835357001
0.7285502075499428,-1.2999549244796655
0.331062854687771,-0.3143889302865505
-1.0221689468073307,1.0733272178306015
-2.675872238225108,2.366936843380189
-1.097982614526192,1.581223749206252
-2.0324263555602267,1.0842832167264012
0.6993206838042625,0.04090609360798127
1.5387522509242424,-0.7917214049694304
1.071906339059556,-0.7229041455786178
-0.5628182272239098,0.09144411550841505
-2.9693151932054853,2.6664951683855596
-0.8011754258426347,1.1275632590684532
0.3327104789117307,-0.36409960382199336
-1.3636387629121556,1.9240930541247725
-0.5141249876313023,1.0689025186562646
1.066519123432276,-0.6554082660418797
-0.5046956228346787,0.14132317392967614
-0.3741659589867823,1.916894560446358
0.062441310717326406,0.2762153708151954
-1.222337679720541,1.4796591389302263
-0.3540327325268023,0.4893673078107208
1.036748935150438,-1.2220929701446126
0.8577389323461317,-1.0924415088526434
0.7963664392757788,-0.3907865807080802
-0.14386042902685114,0.5679168035820026
-0.38745069054976805,-0.5108811300841807
-0.044479560472473444,-0.08801653228248546
-0.8422597812170327,0.14690103371889046
-0.3620302870202827,-0.2817352874588551
0.385287387974017,0.2150345410965347
1.0449426716724008,-1.3527154949217826
-0.2211370373006091,-0.34879072419811485
-0.8604425226043254,1.1193995521375673
0.37954177598153227,0.40663772843847845
0.11529504847147154,0.35158120724779585
-0.024876058015319887,0.068154036668721
-0.5136149596469467,0.8295362246157146
0.18850345090815074,-0.32679593084821545
-0.5871733307875328,0.556559431821125
-0.231931740589053,0.37763913509425917
-0.06668773289910272,0.09345895513067454
-1.3033497827325498,1.3998445836731912
1.2950364774228396,-1.1509641353756255
1.2461237034456896,-0.3048768291146765
0.28633300628284486,0.347113961661596
-0.6875949755479389,1.6222813500024502
0.45214145094097213,-0.031072336264760497
-0.7978525404405895,0.7660513105854269
-0.18698424778839842,0.6127821875945474
-0.9558179045249224,0.07170687237763501
-1.215446041834027,0.6515638381166388
1.3358676200066668,-1.134775801964917
0.09315775036518771,0.23891465689902244
0.3473504027367503,-0.5656928877142949
0.8732216194214844,-0.8455222750610228
0.9472469836689273,-1.3563447473065027
0.6553283775077748,-0.58495242980969
0.08411181291048975,-0.11404908126421484
-1.0617592564934084,0.8553623315909588
0.3909862167600538,-0.45953996987844287
0.0314955748425278,-0.7930991809139685
-0.494909230365396,0.05001808443673675
0.2555192759857969,-0.5295561863366661
