0.6606050535740368,-0.051968094240988166
-2.7026584578566584,-2.088085321816758
-0.4593059212771485,-0.6380700717468574
-1.0421133852169822,-1.3134758563491853
-0.09513728155062055,-0.08983564422584425
-0.3253129990638589,-0.7183894137187019
0.29919941595480426,0.024697573749651747
0.23366088175440922,0.3383382131509269
-0.4778489168209868,0.2378875454329294
0.972820996105602,0.18854109091670657
-1.6663174750606753,-1.1982980052668313
-1.420224677468684,-1.0134185553061636
-0.508722684587304,-1.3111499752253886
-1.1472894438813972,-1.2246607358509494
0.5032387908330277,0.9426790513319756
-0.976018732085573,-1.3846747221585063
-0.7540211989220758,-0.6823939250060815
-1.0459640052926569,-1.0185378690381914
0.711107757878211,0.12134320747094737
-0.8163668256409976,-1.1492055944900503
-0.37803916277467664,-0.3485767450738868
0.4009921419707988,0.0194967225703161
-1.6467141877001847,-2.423924701935967
0.047106828289738105,-0.09609102278496595
0.4547873754437597,0.7502287539157362
0.1932774566680665,-0.37471767333413325
0.6769868831711187,0.022048119853980003
-0.4219995738022789,0.0176810569403219
-1.0310116395970803,-1.0810283565690462
0.41307173123870816,0.5520635999212803
0.5052941410030998,0.056157863575114896
-0.9234814106165435,-0.7361144522868409
-0.6043774556541093,-0.6710279612139127
1.2369922138160894,1.0298928247401473
-0.5331776090890554,-1.0485531267288002
-0.38064123023154056,-0.7512022212525684
0.2214016178342092,-0.20719595511444114
-0.603393030445407,-0.7038875560172905
-0.014324775581626667,-0.07624934564797231
0.1020407764231696,-0.5951752315406467
0.43844048295541393,1.153503257883609
-0.7375860406778056,-0.23652696822628902
0.4976824138484241,0.8707343719988017
-1.1583905212462222,-0.6710337644113965
0.5500136036768285,1.3572637825010454
-0.6286385617912386,-0.7908039457350104
1.7986088472450683,1.5998954958670633
-0.2670362748851825,0.6449353857817818
-2.1623568037736014,-2.1150052445693928
-0.781118467100334,-1.5200949854952666
-1.109785503522591,-0.1492826217375018
-0.8827567691982543,-1.2039643496297798
-0.6888985076319175,-0.6244417222115035
-1.287879130539381,-1.1724452088260364
-0.623102311195355,-0.7080358001566002
1.4470803879434118,0.4482816382514277
-1.6573121810270357,-1.0334370278671638
0.06638241947171598,0.3770580744210088
0.6700736130218354,-0.380645336907464
-0.21154595253086955,-0.33104448879723736
-0.145121115732392,-0.23663757878764546
-0.7409402697883578,-0.39032765223422766
0.996918321983816,1.4159045189278985
-0.575943399208136,-0.8960991067295612
1.3043745725703084,1.1097701990716295
-0.147815913065212,0.597051406564168
-1.0105759501951792,0.12720567546513056
0.8953047388920546,0.9653906932501023
0.9169879561607326,1.360804008812943
0.2703746964974117,0.4459349222583318
-0.9143330908604408,-0.98533366222656
0.11436666707600845,0.3280022652531124
-0.5789414098197443,0.032927117658603525
-0.3570391857770987,0.4210307955062459
-1.7512801906565745,-1.8261099981379871
-0.5221503035634153,-0.3827767049027504
-1.2878165168062443,-0.9741640896630707
-0.2205577630658837,0.8101166375083348
1.0747766153997613,1.0488797178851585
-0.006128140347984348,-0.28716532114802784
-0.480994085466899,-0.2301688747517629
0.9764510963756267,0.9251919564720269
-1.098233418577962,-0.5221576949664173
-0.8305926358203986,-1.4862588617906018
-0.09085191363901364,-0.06536864213848069
-0.7743996435932397,-0.4036859631905475
0.0888982052287264,-0.6645220203368278
0.34074435251410234,0.2768810468915369
-0.7246579425011148,-0.4451574869309457
0.21691024879109783,-0.19082358564391408
-1.2658733723240774,-0.901954409449743
0.27731725330105683,-0.2644436055963255
1.2142274854312676,1.294757844912912
-0.35339219152632484,-0.7674079940574681
0.16716239401024333,0.3333573699861793
0.2802663882309389,1.312913162348563
1.9543672639425986,1.518899597223222
1.0441935221587237,0.3254058379676082
-1.4813597539715144,-1.6015217605077927
1.9111050953199442,1.0379819809635646
1.523594223864032,1.793377272257722
2.013815460962446,1.701608491391102
0.5078903644009258,0.7746237041880327
-0.887718568131522,-1.013442207960311
0.16754822764737823,-0.7203859578914694
-2.373750682669558,-1.9444161081222986
-0.10707875438842117,-0.2006807309631349
0.5394874374280356,-0.1656155714430822
0.2895531023193586,0.27759347069956436
-1.376273621905731,-1.3064671043489566
-0.8433173715993788,-0.5088745419105156
-0.1689851510984293,0.06686512972486787
-1.6469822956996565,-0.9737770674605193
-0.7819175294780913,-0.10581538362022898
2.3691113295901585,2.697759843290612
0.1001526416627013,-0.6908969741441069
0.6965449804332926,1.1041896416905597
-0.8649157839169848,-0.4231011057452213
2.8860138974312335,2.309699440483621
-0.18568346896869972,0.3856258741096586
0.6248688567117896,0.6746081736735037
-0.9774875333695437,-1.1623421293225125
0.4001932631147615,-0.533420917707507
-1.1795545420973852,-0.8445066928354731
-0.5825912061881078,-0.324883159925421
0.057757018081639855,0.05505295541194943
-0.6388257718407071,-1.2204754307032148
-0.44150596378696416,-0.18540877786506535
0.6363508946248742,1.3809874612898234
-1.919198083713874,-1.7143990717717916
-1.1325694207547365,-0.9538671176359453
1.6667323620670143,1.580572106882998
-0.016352461466681296,-0.10593604645382064
0.5352416900269713,0.7730951938685907
2.269822041147518,2.3030611416181435
-1.1175470536980814,-0.8052027511658343
-0.5593185276345339,-0.6364601223868918
1.1304922945209757,1.607916171655458
-1.391541986022935,-1.4225444858706469
-1.6811737325603462,-1.0833677765189185
-1.7335860008617563,-2.8812550984768173
-0.41181124127312874,-0.7657380154777286
-1.3898545270860132,-1.9639984691690857
-1.033589869056591,-1.2995586912213057
-0.2980945806394205,-0.3212630271969687
-1.0735927317569023,-1.2462216910258206
0.5220186684338436,0.8925242441868332
0.2897097117077278,0.2674411642561892
-0.3263218900944342,-0.227540985867025
1.5339727130691356,1.2336875537168182
-0.8017616862750984,-0.5008308082070353
1.3828843176764567,1.748813876000062
1.7954264045762083,1.7180188880353697
0.49167098848723584,0.27468484928790754
2.1515267164801015,1.7641502074831006
0.44373069162817963,-0.45865687264073984
0.4961029352965047,1.0578523987878066
0.42179663292576597,0.48590470591172813
0.6943399970270545,0.6954436964716373
2.2450587395179586,1.8363714695968008
-1.0039446975001536,-1.145209472026795
0.8015821215981912,0.5670345270874287
-0.34491455859004466,-0.2438597726430392
-1.2034619858185969,-0.734831998028722
-0.724194489731647,-1.153188967096059
-0.5912973726870135,-0.5353077849362804
0.8917434159063389,1.133797150239571
0.8247171465309847,0.6534796422988401
0.2584702846283049,-0.17090315715822055
-0.16444699187826603,-0.5914503748918194
0.8822422977315838,1.0851533197523269
-0.12288042456950081,-0.20831362940469458
1.1091893975491112,0.9263472607733805
0.7297697744458945,-0.2590705404198408
1.375597652664396,0.6003800939674941
1.2319087511872475,1.2582837570355005
1.2660556033431873,1.138420543165556
-1.3299138402701831,-1.0365965887664774
-0.9399874868405711,-0.3020185029170739
-1.8497844917537158,-2.4336608838493907
-0.039110708543536196,0.31949164708146527
-0.6618051831897728,-0.9052770105667576
-2.653743048353621,-2.2341630098276246
-0.85312381751555,-0.841812586242621
-0.016864124297581006,0.14988473552152334
-1.7570019922330489,-1.920059481152741
0.8036752617034154,1.0320149754593309
0.2099653842878736,-0.17429660364859986
-0.343818709444827,-0.3424861216564796
-0.36727998836007175,0.2604199907918046
0.8766459791952832,0.8211699987380278
0.13854041859667648,-0.028946187212236203
0.8546588763852863,0.8666858560194413
-0.8817151616498425,-0.648332661295565
0.3595632024657957,0.6389539284734809
1.9318281983547843,2.220152680986619
0.20265461769602552,0.4551097664172722
0.6333048406087416,0.09005759835612917
-0.6084102271125923,1.062154404848458
-0.17374780912000387,-0.20411479945111896
-0.4611670575425222,-0.8313204506975111
1.5922051975277696,1.4453667136607629
0.5685569579238219,0.42081322983756164
-0.9880476950707349,-0.9098767498817937
1.032681102544566,0.6047071567280351
-0.323808061274612,-0.5807788658051626
-0.7393472667180097,-0.423823609461468
-0.6820805422479749,-0.8425855367656291
0.103746779245769,0.6959835055264272
1.9511925027871164,1.6981151649073716
0.9396789476496406,1.131065482096577
1.215330040167893,1.7977967149271712
-0.1234392282917679,0.43800123060774176
-2.7854282888340434,-2.346178100870271
1.1814804884105985,1.8159389516820783
0.28625364055727975,-0.19687327347956157
-0.13807020360806044,-0.23760517461448988
-0.3051522031851298,-0.1735801710726694
1.6255352337596287,1.7655950827382898
-0.8763110315180513,-1.38601761890044
2.0585784817135773,1.4459372799633707
-1.0729254921055227,-0.7406726242224091
1.3545156911839322,1.870757057703527
-0.22380937287347677,-0.32022260728020085
-0.1442172312703602,-0.11658247276701252
0.5379345301079748,0.07119570652524744
0.8870435972860627,0.8956003683236246
0.11642517615936644,0.10378650403468143
0.13162024350373755,-0.18999387345141452
1.2438480596905155,1.5027792235553001
-0.3470326676376079,-0.17276321834459996
-1.0224638407898365,-1.344353141118465
-0.5264794979474172,-0.007276136313023032
0.29942440772199613,0.5252554258609132
-0.9714442715107627,-0.4050775777050398
-0.09601178869235581,-0.17667657300220074
1.1302518766295904,1.2744645492436182
0.9601063353650898,1.5312594747698363
-0.08404291675518538,-0.2794995766419775
0.5538873031727375,0.5344520485377322
-0.1787306137078776,0.48868214726522075
0.06540985441423663,-0.1945239142623471
0.34693395920188885,0.7346497276069153
-0.6518474186375343,-0.7649991387998586
-0.7107896231334973,-0.08466519337977332
-0.5192642637315481,-0.7335464352995694
1.3246194466915173,1.2944133653140628
-0.5823956098738615,-0.5315280659088668
1.4415163734268006,1.8791275327338048
1.3119933458428958,0.8836627339529729
-0.6078727436434433,-0.2777351094185145
-0.5895661647356863,-1.835484089875129
-0.024969915392956902,-0.25888673763931425
-0.3141515459264774,-0.7882505016200937
-0.28297773642177415,0.4837384917817326
0.6400932967253274,0.7264853759089587
0.043164080906011745,0.35815589313054436
1.6494249706649966,1.6080778225465202
1.7612454341984207,1.2917413756067029
0.5013087639232932,-0.07811350499570191
0.35785754403715836,0.18135127942071294
-0.8593170501929287,-0.8506107629652915
-2.0760093721800903,-0.3639653827805304
0.6208709731309984,0.8959951520319034
-0.7287330274602436,-0.497417616160802
2.2826586535899778,1.4350266398186704
-0.5280618071311949,-0.9515529212196864
0.17067428975752996,0.4465316996371138
2.1193015709464036,2.27607087578616
0.23580678571724706,-0.428384351810317
-1.0463963515508685,-0.750511203414885
-0.29865348912797607,0.2527595261755523
-0.41952237335866016,-0.9279505662482893
-1.3564705947552607,-2.27025698783725
1.1818080137028641,1.2493913443972684
-0.9656981318010671,0.016230507960968928
-0.1997124306713523,0.19566882376477238
-0.6550352227851388,-0.959752135240035
1.1686801156146687,0.7446518560414189
-0.9083726202355634,-0.6824514012833115
1.0731500050112985,1.5712501366403078
-0.7251865887852628,-1.200042654121006
1.3757014220865382,1.8272684919504107
-0.9871798917468992,-1.7575140913656069
-0.7736586316289207,-0.2527633263323318
1.3648329893198647,1.3593513030677025
-0.3928978094475113,-0.21009769111939036
0.6744920615695739,1.2923514909052956
1.3544520752050202,0.5060653524841005
0.7416001536911075,1.3573227842596303
0.7305043886415149,0.915148310721946
0.036869787241251284,0.20594176345161064
2.255121623511857,1.6934348315310082
0.9028736501966389,1.0795671900185941
0.4749118768248512,1.1925835449915656
-1.4575059420598342,-1.2405069989872684
-0.3346898843563949,-1.1109240307752544
0.9794727577760427,1.0550433335754352
0.4034481944707638,0.2757818470603107
-0.20645881029408483,-0.2872119859345117
-0.8766535583049708,-0.5742496612384252
1.0900334095531572,0.8074202592793045
0.8022183094081142,0.33081573898863836
-0.9704852037928068,-0.6075854279503364
-0.5434612099862194,-0.07236825179300228
0.8070607955611065,1.2701383033674232
0.7050503202863175,0.6283841873604865
-1.4166492750031188,-0.8420392315205223
0.7343692205275152,0.35943639631670443
-0.24095885779862075,-0.40521432512382666
0.3287509593034092,0.5594140143034423
-0.8043201401740027,-1.0823589248165872
1.2603333097576341,0.9309528401563253
0.06675547918501042,0.2575190355969049
-0.037946225054386405,-0.37505027712917477
-0.7331840583103068,-0.7814314066861805
-0.1785125145931832,-0.2157088675749602
0.354741064357437,0.8860087464173565
1.6972602932384924,1.570483688139578
-1.2273012963966836,-1.6888994526277232
-1.1901668099595037,-1.0577155480189784
0.02227188517783519,-0.10811759697856153
0.0024651950469137536,0.4514324924539209
-1.4388540992189434,-0.22409316674956598
0.20436949860869383,0.23759236528064318
0.918855911886303,1.2510810811267266
-0.6495813517563106,-0.8975484192291036
1.2317594181800304,1.265791321704053
-0.44982055229596635,-0.45879260013937423
0.8347030884396747,1.1224555765794242
0.597047377518819,-0.1799303204284536
-0.9880972643180757,-0.9104427099255958
1.645576827007378,2.273322311965408
-0.5894363668836886,0.0331135605859937
-0.7142632807093154,-0.24002121470599164
-1.4643684683113276,-0.7973172182771354
0.8848137772470529,0.783980126173519
-0.7104186544080325,-0.5755769040986958
-1.9837247717591997,-2.493743070492427
-0.7669333378477681,-0.9509381048398534
0.5459572075422169,0.5110759089404497
0.29712281242555344,-0.1832672754247957
-1.2754019089784978,-2.0354274579521277
-0.11297364149633805,0.3415930396320823
-1.88013186814042,-1.3599285942362827
-0.5992479414741346,-0.25305402345090955
-1.9568091852486027,-1.040426521547361
-0.2942381724541234,-0.5967274801730159
0.46646996679563724,0.14632591193027294
0.5331492996764595,0.8024377746404187
-0.07305362957211257,0.10095257065962578
0.7073993326058807,0.9975452674169433
-0.05271656360188948,0.038654793856894784
-0.7891583825988329,-0.061750858398305256
1.9219400229187524,1.4334395899612289
-2.052133728042899,-2.1928233339179686
0.31505361222752604,0.7216411504988745
-2.456456699107309,-2.2951012886613946
0.30360094989870856,0.7668554162001275
-0.3302539828153109,0.397873207893744
1.9297430142755747,2.3539804931786357
0.40649971533263435,0.18569727381662943
1.1772004999025325,0.8543349474601013
0.34605741247700084,-0.5489630025678515
-1.0631537732286838,-1.6259604490167592
1.5658590098118415,1.3400522570210778
0.9934211512920911,0.15884668605684232
0.634568756146915,1.0735609914288922
-0.8440417552783375,-0.7242379065979955
0.10381225353545498,-0.4759582111697521
-0.2455649991357836,-0.24629053453360156
0.3075293271451697,0.25037200541115895
1.4205322191712824,1.9118865758712202
-1.4656989022051818,-0.21677983502519987
-2.9826937840045513,-2.0536752346361467
2.93917786049418,1.8445613726091485
-0.4035680638088957,-0.3398433884837341
0.8940180474578334,0.8000020167897453
0.7278141168191212,-0.22116410539957368
-0.665764332165979,-0.8902798920398853
0.10642805615071584,-0.24468485720982647
0.6035473374803348,-0.18496791103250984
0.39000961634899267,0.15712821047347586
-0.08814900947300029,0.5225902193617288
-0.10057490223732951,-0.8772531193360095
-0.7619012503373306,-0.8528597482094459
0.37664037872671363,0.22243951493511238
-0.8219723616715173,0.28094908045198375
0.9771945739964693,0.673999387544159
-1.213093671837859,-0.6113636307728109
-0.22083688114306954,0.03323840153409845
-1.3020769800830818,-1.370877527673534
-0.49037157574894125,0.08579122832329752
0.5268557485702342,-0.4306314589214174
-0.6744035220346322,-0.35992388299070316
0.4502550913253878,0.32519186036214653
1.3659200086717957,1.2947346964664848
0.9403185976879634,1.0552608391666496
1.149472754141937,1.5353542801223714
0.39786214951169335,1.1475478772777084
-0.9110489111275789,-1.0311044463508334
0.4489092242215565,1.5618141253841769
-0.9107920392756158,-1.0668014017887082
-1.089893337085446,-1.4963027841484748
-0.3140730832063466,-0.6283403556812002
-1.8347452951573031,-2.324304318940433
-1.6139562661620526,-1.4375723578761266
-0.46133510968612246,-1.1720658213898432
1.5481489542465483,1.2036355575618511
0.8272753309472495,0.6172003349759073
-1.4878385594893313,-1.7721215803823258
0.22986326942542198,0.6316242804458646
-0.6117324583983111,-0.5465557778697863
0.04672386717134722,0.49626569739985005
0.4250103275292927,0.07213972571913144
1.7327859417707074,1.5410075720815153
0.39406168828777927,0.06102713411195796
-0.02779040013075232,-0.6756784505478601
0.6019860535446502,0.6735596489331453
0.9937209772015467,1.3680371292973321
-0.5173436836915318,-0.7872355525799897
-0.2867813604017592,-0.4291137542118037
-0.09932380381233277,-0.5066101881144154
-0.12614880764122863,-0.2171026536283003
-0.938684399566709,-1.3692830882520814
0.804723695303863,0.5647272475613369
-1.034322327844358,-1.2316100656629763
-0.44951235777513493,-1.3127471513771019
-0.27907590564370527,0.8011020932212646
0.5495145890712714,0.4936110784937495
-0.7664150714609869,-1.254641006968979
0.37328540019531664,0.47494684738392595
1.1844624306173508,0.7802214839301627
-1.411458488090059,-1.3265397539183499
0.03601709772206037,-0.3542421820633188
0.6042196737506197,1.3161459990003754
-1.1576467782059747,-1.6110392294431934
-0.6272026998983444,-0.41634486109423324
2.411693935113587,1.74816021365961
-0.1347014148764752,-0.9549894460916455
-1.143623847985796,-1.2169169762586993
1.8282271255712026,1.0285033193272322
-1.5762154004888205,-1.1001915593421447
-0.11232890992542353,-0.07837668948422792
0.7223187121927553,-0.29914388200450864
-0.17460016041957097,0.6477334723575805
-0.9491436562381994,-0.6868284624849798
-0.01927200505998211,0.007927042771727018
-0.2966900998776758,-0.297504026676017
2.76685583390422,3.6186937271569883
0.34221521266118465,0.4291037973522112
0.27060885676804725,-0.7223208960388969
-0.3073652498921467,-0.5983716463022977
-0.5219549986298109,-0.4208328824932823
-0.6316244836211173,-1.034125545312614
0.15974022437258292,0.12826574560538206
-0.9641452743773234,-0.47042104602983403
0.10317170864247174,0.6774000555322729
0.5533796674746182,0.08838269503499928
0.06515812816319345,0.9820577820342871
0.5215038599602914,0.33875779011229107
-0.11713218889732371,0.6531577594420435
0.7167791333250633,0.6777405388604392
0.777110344164465,0.5377270526200086
0.2372978749750343,0.34154734957185334
1.0042938238448358,1.4246453900413893
1.1687589003102463,0.6568956024512219
-0.39523295592341573,-0.41486494838625354
0.9928395376628447,1.6181437321418506
-2.32982947282193,-2.556390496762807
-0.667554475569963,-0.1312376238499072
0.316573046358136,0.4171917254115301
1.6572254894452245,1.332495230701772
1.9060251065312022,1.8493841805100248
-1.8966004116229438,-2.0613513479311183
-0.6998140241502383,0.4388859473939288
0.15883168859310834,0.6990285841593555
-0.849052712903524,-0.4514085367450442
0.46263200445607233,-0.012010026142545623
0.4559411086966865,0.6179186970966668
-0.3418404587182943,-0.3693884888450634
1.768949172614068,1.5384585273636544
-1.5612478405875256,-1.2231748057733243
-1.3750926585363896,-1.2129305102266188
-0.5701358504014746,-0.7565259267299405
-0.9091228686974111,-0.11490127229773517
1.8804170740142634,1.6293478917297086
-0.05857667059308158,0.44344043131577054
-1.7565750913421259,-1.5626834650045658
-0.8171220087530581,-0.9807019833451035
0.25590000809146624,0.6586983195450498
-0.2953894728545611,-0.47402873883143454
-0.43569727586017715,0.001845686429396446
0.40400915036331747,1.1423601686780374
1.1444562309695234,0.5350504233371857
0.35042585645371893,0.4120003624004184
0.994415457023758,1.2431297494529385
0.6465723877846955,0.7720718164948174
-0.31715832999121574,-0.20175775606839977
-0.5093162237404948,-0.8737275548321485
-0.03159367987591242,0.6278463649125543
1.057172644476016,0.5671491451055652
-0.5387498360139783,-0.1448880303453728
0.1986311887783309,-0.803001237501245
2.579778462365874,2.2519005969413115
0.00818501968885121,0.4205552392200511
-3.9553960476563232,-3.5044144228144263
-1.4693133361400492,-1.397713012958315
0.08505703334714508,-0.1463228232612484
-0.41274700165810213,-1.0771758216823317
0.664644743154827,1.5687176501487976
-0.8545214352717108,0.03174362250031015
1.8048958375685245,1.6904586478134087
-0.388318649326905,-0.4611949121250216
0.3480314521779588,0.06927287034455511
-0.07424353508257865,0.8271175097996106
-1.423423910521406,-1.0950818627634715
1.107288619153668,0.3507674855461964
-0.4875385845570952,-1.1376059127495879
0.7814128433915151,0.8650604156678892
0.8027843932018335,0.46827431941289405
0.20955814321956245,-0.0005378413684858759
0.006312624746558874,-0.7830590641795915
-0.10201804033029596,-0.6988186162210042
0.5920649111239247,0.23218478684247648
0.9023787507163136,1.2983064015036794
0.2723728741190601,0.15096606466824067
-0.343466113773646,-0.8776079859957685
1.506959909662063,1.5650095592659816
0.2801724985324954,0.18801033160118638
1.4252573276972271,2.531115303731907
1.1852947718679354,1.206480407289235
0.771273550123833,1.1826551854920941
0.7005707557349807,0.29759522052533915
-0.40260011027884984,-0.5105039717545893
1.9503314397961165,1.38059229375677
-1.184983658396075,-0.9212554789986132
-0.9699402051180345,-1.0815143740546604
-0.42202135002615426,-0.002833154374564138
0.126663188698124,0.08795528537463801
-0.5434276715009168,-0.318447014267159
-0.8157899820883769,-0.12005418983929485
-1.051803085067899,-0.7936983767366982
1.683130483926713,1.6759551747912127
-1.2553973410648473,-0.18911668146796518
-1.9779584519206295,-2.223819323381613
0.6792178269717838,0.7419195285898919
-0.950500148820034,0.17330242641714527
0.4859412925984721,1.084891565745961
1.3258832040837325,0.10262020751107587
-0.9990151710474863,-0.7382617871876359
0.3712460168051272,0.15670509418989464
1.4431712491885167,1.2196015976304087
-1.3665470989606079,-1.1743605608943488
-0.3573399214159535,-0.24702156612411955
0.8586711395406099,0.3365392519504976
1.0313885492253678,0.8952851931537459
1.4196176530610978,1.4555841424707918
0.4643668217812683,0.8872699608360645
2.633385718620336,2.318546528248986
-0.583786112899693,-1.0384265214617754
0.9244337648041856,0.5869884635853718
-1.3875943624746472,-1.40595162720833
-0.014474317521075046,-0.5763815532290261
2.106693657840896,2.0979180889580777
0.26770097165185786,0.06251841296179775
1.6884149645346447,2.0303676352179796
-0.7075138388151712,-0.5844450646254692
1.4891270638429324,0.8345192355674377
0.03879863809352447,0.2897995876044779
-0.531516264439416,-0.5205328178076908
0.4098505840240937,0.18113579022813792
1.1909329542766394,1.0231411601908977
1.1316317910016263,0.5079788945773779
0.858950175300275,0.8644769854470516
-0.5380616726154684,-0.9434777164576826
-1.068527643847863,-0.9380328630616547
-0.5654711200544195,-1.2497572347029464
0.017771863702447478,-0.3239080918727712
0.7768763724895447,-0.15180882108771923
0.08224759250016983,0.9111243439577482
2.006335031418771,1.1831444117445722
0.16966557374685975,0.8660756850912809
0.9597767411251469,1.4995306605743821
-0.21887584157548373,-0.2310936911890944
-0.7079550596890238,-0.28981690103882624
0.40849089312310766,1.1075553468872499
-1.0918280269039193,-0.9552640755793572
-0.5165363950008403,-1.249151066108932
-1.163536830830123,-1.1141568246572253
0.3773883824246039,0.5502103296199851
1.2528306094001713,1.0029206723003212
1.2946440344203793,1.2272871910636043
-0.4634697193252731,-0.437215586975125
0.17004422998967303,-0.6827699317058655
-1.8941658699057318,-1.9082926952222066
1.150576080703059,1.2092140368013873
0.5598819296695151,0.0706545513084257
0.21174121245058602,0.9090651754302033
-0.41795996401522717,-0.6918730738588323
-2.395810736375154,-1.8679284821316255
-0.04482332237839377,0.1574976365631113
-1.1760717204945734,-0.7220470991090223
1.3208716424277245,1.6416002873749778
0.7780863215584776,0.5507653571955969
0.05993592987674161,0.35262093853950893
0.6893238277720025,1.070763601824346
-1.6739466672588759,-1.021465360582434
-0.36958763413797174,0.3160036059215063
-0.16399148599706193,0.46262971542583864
-0.8043009327772361,-0.5695763650161985
-0.8240417245764424,-0.8119785418008738
-0.16974298876101102,-0.14908799523868418
1.0402045161116757,0.9409025837491729
0.0276046705616901,0.5894030281747595
1.686273047537674,1.3251635825783665
1.0942944734120983,0.3000534310156599
-1.3214362216808546,-1.0187600765283604
0.12881285354194494,-0.8101642395440307
-1.312866483005586,-2.130701998900223
-1.1774674564742666,-1.2838307604342616
0.5459327982167393,0.7753067387012653
1.7617517908644593,2.602793509863652
0.8085193332496808,0.7000299579950968
-1.30445416789448,-0.6582069804879066
0.10234590443542449,-0.43722197004466107
0.32326597279770203,0.41101491276995855
-0.3294406647349619,0.08953840844738603
0.9729667721550199,1.6179075336774784
-1.2067406381965256,-0.13396695105890197
0.30087006145108847,0.18466658750542397
1.548641036940154,1.6279252565297948
-0.8897567715399836,-0.02348020887552638
-1.5441135609239403,-1.8550719706219934
-1.2473441077414213,-1.6660014277115622
1.4575081564080508,1.4456651138641938
0.6274151224576934,0.37687915767469465
0.1764999984150382,-0.6760090446668054
0.40462315477390887,0.36223132820533654
0.5306973386857229,1.6686054677742996
-1.1656544644641524,-0.8455874320558643
-0.5735106942311488,-0.620608533638361
-0.196873335319486,-0.6899332788502744
-0.5565658100624442,-0.1496477051397976
0.5677669673863758,-0.13307019204072953
-1.9920065975925663,-2.397580485499692
1.420687213214277,2.2911261117971167
0.5563895252828374,0.39860035158048274
0.059959016067252444,0.3639333757638347
1.2174077192082282,1.7160741646520883
-1.0765287790438116,-0.5668991550248715
-0.48644212110254864,0.5231868466271418
0.08164472915816602,0.3630657342949807
-0.251029615468018,-0.49676457321905243
0.7723514839592928,0.17976015602593834
0.5945177149226335,0.2561751369812278
-0.8759113893562089,-1.351793528190773
-0.9300113767328994,-1.3143545105029364
-0.5126267050377362,-1.2029746526473226
-0.22208133959848514,-0.657328886364672
-0.6385242616373669,-0.38672001782450854
-0.2480394641833958,0.09080492559546365
0.5042685966174117,0.5009659637261246
0.20131979607273315,0.6573329859228301
-0.06787999823174388,-0.10153190429552425
-0.45738248990660585,0.5146821909762996
-0.6078167760253418,-1.0220340463236135
-0.08277996592404449,0.06731754475924387
-0.4503677145096731,0.20899543730246664
-0.8676816771113766,-1.1594954455179216
0.41633504278267,0.6356980990472049
-0.04015894499322682,-0.334042865607064
1.555505672718758,1.0035778945369365
-1.355803659035559,-1.7316305260058844
-0.06837583003704223,-0.004513127186544305
1.3296825235803051,1.0579128739233912
0.24924334323475583,-0.25010292930452005
0.3262699664704949,0.8609905833480945
0.03702278684964962,0.38490253592033796
-0.5506772767508062,-0.8932894170164407
-0.19326750879914206,-0.0006544517658574097
-0.7480299468389346,-0.8477995720132628
1.1095005973981342,0.7799211484190377
0.36276165850623565,-0.1012418637383566
-0.03784590213160823,-0.2858619262454458
0.46413911401683505,0.34221137410813895
-1.099763647579288,-1.375380883171819
0.3364046091286647,0.259419221865634
-1.0273405860637774,-1.6083203368538082
0.4295839194326501,0.27192298977222745
0.6867424449541825,0.3931462864381299
1.3944198636148555,1.4219638691578265
-0.27784812830886046,0.09172121805969465
-1.647016493100392,-2.1433461064242665
0.1877974308136506,-0.37733905457088324
0.060369730287966064,0.21365305176417143
-0.47570940017792984,0.13965735661445003
0.1477476958581397,-0.3316590478373031
0.19026876517990696,-0.04203203605723365
-0.8452861714413441,-0.6786259619561664
-0.07882387552040622,-0.1553211908977823
-0.24575020125454675,-0.13557944159907195
1.353889955235345,0.9734909722395099
0.6374773629098893,0.7586215927927965
0.5371120832491943,0.696085063510653
-1.004521408319794,-1.3312538835249481
-0.10091611184568866,-0.5080138363111188
0.8881714521406986,0.9764878509388465
-0.3912580183103246,-0.178950272937763
-0.11812681895897234,0.17327486456327032
0.8530072909965394,0.3497692503814806
-0.5007690557450116,-0.3280120411297555
-1.5583533185544938,-1.3645746687599962
1.3616474725736059,1.4333614154712129
1.2017154952142768,0.492706134436315
-0.17521516650129942,-0.9807822456862512
-0.18338289343646633,-0.2698413054455746
-1.3705762686981058,-1.5754147174469728
-0.005616157714620941,-0.02818153679088131
-0.6925896947874383,-0.8543251920513015
0.4040194985491926,0.3134258798993003
1.7986100249258765,2.265444669681474
-0.9255589281368757,-0.7588910879460308
0.03948566792593471,0.41665782598835777
0.1999915261181601,-0.2398754316072463
-0.697618272673707,-0.1784516110438448
-0.14022587292649444,0.29431183580119974
2.2697594718587624,1.2507182912558321
0.505908454810218,0.5729244621680168
-1.0338165246217497,-0.9018414406949726
0.6874310305230237,0.7296490961549615
-1.0340609691527318,-2.0084284602708786
-0.15631778502757943,0.08382530410457292
0.33418099433995496,0.982795812752717
-0.040512740489032376,-0.24295367411300445
-1.5045903524484616,-1.0330128449616274
-0.9467470414672936,-0.25255481242492706
1.9703924277643077,1.2877707435788206
0.9661748790748054,-0.0421037010319455
0.9695019164087677,0.892103799979501
1.1960726234589598,1.0066489365063849
0.5113274042408357,0.2201608364772979
-0.1293256301585633,-0.1374544255676614
-0.04646348702106789,-0.047818147666841095
-0.7633345874644012,-0.047301875693092986
0.22650393918232528,0.2679593057764283
2.055317461078296,2.343845984767505
0.13915806401549904,0.2656842246998546
-0.9839626090289326,-1.4651751803549498
-0.0009515997385333081,0.5113383674375214
0.18341495543671316,-0.03926120279980199
0.7031375087713706,1.3932060365310097
1.620551138685663,1.5321539484686526
0.9123317198148896,1.2398783899367403
1.762982028590371,1.3277669995958044
0.8855994576767606,0.9440408235903223
-0.11951206322955553,-0.061743166863976365
-0.23870681005320865,-0.4610620997982828
0.07265222061500917,-0.6796776091102017
-0.7219111949975546,-0.7833594660223828
0.4826421367586207,0.43889714139242225
-0.15377692826807352,0.533664053836929
-1.327714059636392,-1.3243172894318993
0.5601676830537125,0.8005226746533466
-0.49552584576414715,-0.850384779752
-0.6833566945078039,-0.513995712490032
-0.46484004418136216,-0.08924898669782524
0.9148349069095145,1.00570363529391
-0.5785734429406576,-0.9246625834061988
-0.09907099021040355,-0.878627801741086
1.2415623498684174,1.3488404369126414
-0.1212888245523749,0.07296746948846038
0.6117882215258753,1.054891333899704
0.2087132704006398,0.6186008328118335
1.4746705602984995,0.8457081957992241
-1.4950449163565824,-1.5568311510088197
1.0332539353649208,0.9206243087205985
-0.3339322341703357,-0.2740144319923069
1.208653310126546,1.0166745922687128
-1.3641006551475172,-1.043312705749187
-0.26313481395935956,-0.6415543576995899
1.385680336702182,0.8827946329822345
-1.034575036332802,-1.0708975205108693
-1.3124574664057271,-1.3516611260537161
-1.366342589553135,-0.8355900170057011
0.28538211195518504,0.5667903577699953
-0.3336245791928831,-0.414325394574054
0.4198171126338053,0.4278658288169706
-1.7576341290880397,-1.5858809119374266
1.253167580979048,1.4185732035602108
-0.06159832198353824,-0.7168411701453259
0.6314855747885478,0.4467766025996762
-0.9932068577524918,-1.3095513288323293
0.03288716649033357,-1.43505557188207
-0.5574215228348504,-0.8388907832008018
-0.47175881256182334,-0.4328155139247331
0.5903806502085878,0.23196051598911435
1.5563183950423414,1.2314503513926813
1.0789092782062215,0.2566920552755805
-0.6074473980428156,-0.9323610937602765
0.7825926385090842,0.38101144859361097
0.2982178105447351,-0.2532696773112983
0.5930010278756456,-0.16661450713909817
0.9068000410079039,1.1794358322108958
0.9031364205561533,1.1976205935556767
1.087343204480276,0.9989361781643596
0.6977663983127393,0.14441977521551072
-0.8672253800747822,-1.0742408475229757
-1.3039363036995208,-0.828077211514065
1.7366850441287018,1.7763419629845865
-0.7822244554473902,-0.5801042249651481
0.19506592140574072,0.3647210616496005
-0.639847696381558,0.3730918823567648
-0.3607911239366773,-0.23472902215034652
0.7670926168746052,0.9772433889591894
-0.2278678319786611,0.7840118111647276
0.3253336266429942,-0.38324591571328076
-2.1052757475602997,-2.1060459356960215
0.3485474138794624,0.7385458092062424
0.3695558728899654,0.778517731655731
-0.3158127274052638,-0.20466352700070115
1.4213531982096075,0.8574200558552307
-1.6818515078436926,-1.6185782701413434
0.3735724762740578,-0.797609647462738
0.2970321037903751,0.9446234251646906
0.759265762522799,0.10681655111355927
-0.24233334921953903,0.5721984639562281
-1.5926820970147373,-1.4489379425748503
2.246825248171753,1.448586895513349
-1.5961999683718393,-1.2550182997125958
1.6121931310954416,1.9639519137049792
-0.6796798096669036,-1.2365662213496638
0.8492018545557259,1.351825218007408
-1.0610838187928273,-0.4812195667091903
-0.8205642540285554,-0.7967360382753848
0.6324972942182344,1.125817920544497
-0.7144252934271843,-0.705993379468134
-0.11335549058322235,-0.24826656948602535
-1.1062509513902712,-0.74723519650894
-3.675336868412061,-3.5773240838175466
-0.42180955096634287,-0.1619826936342412
-1.1518083901516722,-0.49532771231472245
-0.5911882308339329,-0.3509245077334038
1.8292756230536709,1.9976743746806438
0.6973071011310041,1.231610534982408
-0.5461995634131073,-1.3052964496675168
-0.5549336683393438,-0.6735045074088807
-0.613219628573801,-0.13190759150180717
-0.21472678294845116,-0.4620296591074463
0.512086086271692,0.3768706952370032
1.64195075306513,1.5348853022584577
0.5117433559047768,0.7256964573258905
1.8538748198186858,1.691404429693957
0.3717194140764642,0.6661630448726079
-1.604914220928234,-0.8022640638083742
-0.710878166165926,-1.1217655463447922
-2.211694180743042,-1.7569432226276338
-0.7890383068337224,-0.6798604404170284
1.4282806231974414,1.3839862683930295
0.9141406021105346,0.5161223609537999
-0.8334560685138478,-1.362802735670539
0.24668902424069086,-0.17714377084379307
-0.88238128742812,-0.8508505034840601
-0.3865353827062043,-0.5222653623595588
-1.3679678640105701,-1.4213598831684147
0.33226299289102645,-0.27534782803791535
-0.07458260416312146,0.2756700855622061
-0.4325888288196297,0.07149124051931818
-0.3429090778489429,-0.18210267867419422
0.9267109240042946,0.7680867305314324
0.6713818914242151,0.3961544587402847
-0.44550905869952884,0.7336282713419864
-1.0372471503241583,-0.9090947788982555
0.9066844457773124,0.7882279233700921
0.017881207070737783,-0.14988168524110476
-0.16160486091106663,0.5193634421723069
1.4905418646749884,1.5925077710707431
0.20518793664613189,0.7043980298956795
0.18628138799686142,0.5830760724440877
-1.648913048876586,-1.965450016558935
1.384502396899533,1.3711604182368244
-0.23111686205153345,0.5813094473713998
0.72951057597371,1.2777587561074808
-1.550554939528901,-1.715472004796931
-0.8098714240257716,-0.25577030372879445
0.6994684914428392,0.7590962305246155
-2.5144157489746366,-1.9365304926707614
1.2299213593214677,0.8096416599746485
2.4131110440104098,2.071243570573426
0.9841310677110182,1.0257025847481835
-1.185106034996471,-1.3472430271713973
1.3279826537527004,1.6146579273848705
-0.5445697536636839,0.1365244449939276
0.6340070714865873,0.3601669894394618
-0.7098781588427703,-1.0187538691040339
-1.7897153412849645,-1.649566509521435
1.4919772504069475,0.7494134121445817
-0.8694693619759807,-0.5427257727909249
-0.8917803129051909,-1.171966024415066
2.8649491060537486,2.33894392163079
0.1473492965585699,0.139328444351419
0.022816768656336063,0.28586322275781584
0.09462734741601718,-0.06655761297906426
1.1877511079110639,0.6567338075482149
-1.120955351666553,-1.3768514749972127
-0.10211503210945352,-0.2155335841218044
-0.024986655711064915,-0.3595944066766543
0.6056996620646954,0.19613169648486223
1.1841271710303742,1.122080055321466
-0.2714273611308131,0.14279064337370148
-1.9490549761999079,-1.3345284636123733
-0.33919007912441307,-0.8921570503214016
0.11095214484615305,0.06812041883791954
1.1634984723995632,1.4004856246578854
0.19426988292324202,-0.14779226787739605
-1.3173594776278486,-1.3689856602666188
0.8471115184243888,1.2683516758952316
-0.2271804240265018,0.42687960495604266
0.11222675657155678,-0.013616140052608798
-0.08335653578687939,0.06082014169730066
0.4901662040081395,0.9279434106722754
-0.12058832654430428,-0.10409165789168463
-1.1678922833194276,-1.6369565366715102
-0.48616691449150073,-0.08075295586820372
1.4841695814626792,1.3368723498175439
1.2996977122773496,1.3827217175221878
-1.6032965047114824,-1.0029432046187974
1.40088327441691,1.7349427699260045
-0.9439139301082453,-1.3488537555632445
0.2434802282740312,0.11858057828822668
-0.4279168351954581,-0.8358386778570447
-0.8068228979850594,-0.9024024138707186
-0.7943784564850686,-0.9144224641477998
-1.4550940550947238,-1.4328299158724853
0.13308257078982128,0.49526344218449686
-0.7851897509196772,-0.8308678641061845
-0.13189906835357004,-0.4845464026779934
1.2999549244796655,0.7285502075499428
0.31438893028655057,0.33106285468777097
-1.0733272178306017,-1.0221689468073305
-2.3669368433801896,-2.6758722382251077
-1.5812237492062522,-1.0979826145261917
-1.0842832167264012,-2.0324263555602267
-0.040906093607981225,0.6993206838042625
0.7917214049694306,1.5387522509242424
0.7229041455786178,1.071906339059556
-0.0914441155084151,-0.5628182272239098
-2.66649516838556,-2.969315193205485
-1.1275632590684532,-0.8011754258426347
0.3640996038219934,0.33271047891173067
-1.9240930541247727,-1.3636387629121556
-1.0689025186562646,-0.5141249876313023
0.6554082660418797,1.066519123432276
-0.14132317392967617,-0.5046956228346787
-1.916894560446358,-0.3741659589867822
-0.2762153708151954,0.06244131071732643
-1.4796591389302265,-1.2223376797205407
-0.48936730781072085,-0.3540327325268023
1.2220929701446128,1.0367489351504378
1.0924415088526434,0.8577389323461317
0.39078658070808026,0.7963664392757788
-0.5679168035820026,-0.1438604290268511
0.5108811300841807,-0.38745069054976805
0.08801653228248546,-0.04447956047247345
-0.14690103371889052,-0.8422597812170327
0.28173528745885507,-0.3620302870202828
-0.21503454109653466,0.385287387974017
1.3527154949217828,1.0449426716724006
0.34879072419811485,-0.22113703730060913
-1.1193995521375673,-0.8604425226043254
-0.4066377284384784,0.3795417759815323
-0.35158120724779585,0.11529504847147155
-0.068154036668721,-0.024876058015319884
-0.8295362246157147,-0.5136149596469466
0.32679593084821545,0.18850345090815074
-0.5565594318211251,-0.5871733307875326
-0.3776391350942592,-0.23193174058905297
-0.09345895513067455,-0.06668773289910271
-1.3998445836731914,-1.3033497827325495
1.1509641353756257,1.2950364774228393
0.3048768291146766,1.2461237034456896
-0.34711396166159597,0.2863330062828449
-1.6222813500024502,-0.6875949755479388
0.031072336264760525,0.45214145094097213
-0.766051310585427,-0.7978525404405894
-0.6127821875945474,-0.18698424778839837
-0.07170687237763507,-0.9558179045249224
-0.6515638381166388,-1.215446041834027
1.1347758019649172,1.3358676200066666
-0.23891465689902244,0.09315775036518772
0.5656928877142949,0.3473504027367503
0.845522275061023,0.8732216194214842
1.356344747306503,0.9472469836689273
0.5849524298096901,0.6553283775077747
0.11404908126421485,0.08411181291048975
-0.8553623315909588,-1.0617592564934084
0.4595399698784429,0.3909862167600538
0.7930991809139685,0.031495574842527754
-0.05001808443673678,-0.494909230365396
0.5295561863366661,0.2555192759857969
